0.001199 0.333403 0.503813 0.161585 
0.001035 0.014861 0.023373 0.699366 0.261365 
0.0135658139488 0.0781666900014 0.653386203172 0.254881292878 
0.000464 0.312573 0.524977 0.161986 
0.009377 0.023911 0.695288 0.26334 0.008084 
0.23352080225 0.60053920647 0.16593999128 
0.000212 0.254606 0.581117 0.164065 
0.010954 0.037665 0.68433 0.260826 0.006225 
0.002172002172 0.559608559609 0.429649429649 0.00791600791601 0.000654000654001 
0.013041 0.590516 0.388838 0.007605 
0.014352014352 0.837265837266 0.140872140872 0.00751000751001 
0.037717 0.622348 0.332571 0.007364 
0.0049 0.00906 0.511225 0.440207 0.034608 
0.020751 0.231072 0.560141 0.187303 0.000733 
0.212197278204 0.349049131537 0.402998015857 0.0357555744014 
0.00465000465 0.227362227362 0.672388672389 0.0927740927741 0.002825002825 
0.0800356033823 0.912247663528 0.00771673308964 
0.001653998346 0.100916899083 0.896338103662 0.001090998909 
0.002449 0.005244 0.273335 0.718972 
0.02687002687 0.000421000421 0.194952194952 0.775742775743 0.002014002014 
0.000814 0.406623 0.000456 0.113074 0.479033 
0.000285 0.248718 0.014317 0.412804 0.323738 0.000138 
0.0669959379431 0.00111201556822 0.179531513441 0.748513479189 0.00384705385875 
0.0434731301834 0.938897005953 0.0176298638633 
0.0349911142092 0.923309174517 0.0416997112743 
0.000548999451001 0.123706876293 0.866381133619 0.00936299063701 
0.0580808712131 0.9342600139 0.00765911488672 
0.046136046136 0.920318920319 0.030349030349 0.003196003196 
0.0404751214254 0.912488737466 0.0470361411084 
0.033889033889 0.948746948747 0.002428002428 0.014936014936 
0.090927 0.90792 0.001021 0.000132 
0.069103 0.89716 0.021732 0.012005 
0.069498 0.84348 0.085449 0.001573 
0.006512 0.139146 0.854223 0.000119 
0.000571000571001 0.0602440602441 0.929060929061 0.010124010124 
0.085269 0.009625 0.259141 0.645965 
0.01028 0.148499 0.841221 
0.049731 0.34299 0.607279 
0.002364 0.0642 0.933436 
0.0569142361097 0.909856706817 0.0332290570733 
0.052053 0.930513 0.016925 0.000509 
0.0454875913387 0.461077994014 0.493434414647 
0.036668 0.496966 0.465474 0.000892 
0.0756320756321 0.911297911298 0.000279000279 0.012791012791 
0.0815729184271 0.903482096518 0.014810985189 0.000133999866 
0.002379 0.117091 0.880284 0.000246 
0.002147997852 0.151798848201 0.845454154546 0.000598999401001 
0.000162 0.03943 0.950944 0.009464 
0.000128999871 0.026402973597 0.969568030432 0.0038999961 
0.006596 0.960357 0.031868 0.001179 
0.002044 0.988323 0.00547 0.004163 
0.000612999387001 0.850116149884 0.121970878029 0.0272999727 
0.001686 0.867683 0.130078 0.000553 
0.285399285399 0.700397700398 0.00658300658301 0.00762000762001 
0.160138160138 0.812546812547 0.017577017577 0.00973800973801 
0.005455 0.819395 0.13458 0.04057 
0.762418762419 0.199591199591 0.037555037555 0.000435000435 
0.16539016539 0.824431824432 0.004484004484 0.00569400569401 
0.159214 0.823289 0.010014 0.007483 
0.809081809082 0.156389156389 0.034529034529 
0.788072 0.176656 0.035272 
0.499309 0.483883 0.016808 
0.468316 0.51512 0.016564 
0.801671198329 0.161123838876 0.037204962795 
0.259231 0.734689 0.00608 
0.007791 0.191896 0.795177 0.000362 0.004774 
0.218714531002 0.747760234322 0.0221301549111 0.0113950797656 
0.626508988174 0.326853514014 0.0453614021052 0.00127609570718 
0.0015999984 0.945615054385 0.034326965673 0.018457981542 
0.006507 0.984167 0.009326 
0.046491045606 0.946045626008 0.00746332838645 
0.000373 0.169619 0.828592 0.001416 
0.018495 0.505849 0.475522 0.000134 
0.001943998056 0.175653824346 0.821862178138 0.000539999460001 
0.030467 0.512887 0.456165 0.000481 
0.000136 0.047139 0.945 0.007725 
0.00529929676062 0.994700703239 
0.000811 0.98625 0.012939 
0.03651 0.482552 0.480938 
0.002395 0.164013 0.832915 0.000677 
0.029505 0.958245 0.01225 
0.003321 0.98964 0.006446 0.000593 
0.862936938451 0.110305706902 0.0264933314132 0.000264023234045 
0.369451630548 0.625431374569 0.00511699488301 
0.698091698092 0.241939241939 0.0599690599691 
0.000997 0.818308 0.138917 0.041778 
0.266873 0.72597 0.001143 0.006014 
0.045578 0.271454 0.677775 0.001082 0.004111 
0.334879334879 0.650822650823 0.01058001058 0.003718003718 
0.048194 0.826334 0.095365 0.030107 
0.009651 0.826516 0.125942 0.037891 
0.229772229772 0.764010764011 0.00621700621701 
0.237062 0.756741 0.006197 
0.82645 0.133473 0.040077 
0.229297 0.764451 0.006252 
0.366557366557 0.617642617643 0.012289012289 0.003511003511 
0.613828 0.370856 0.015097 0.000219 
0.299646 0.391004 0.30935 
0.485797 0.504512 0.009691 
0.500943500944 0.498523498523 0.000533000533001 
0.494723494723 0.158617158617 0.335196335196 0.011463011463 
0.620549 0.182221 0.19723 
0.808126 0.000226 0.012205 0.012541 0.096435 0.070467 
0.347802347802 0.011709011709 0.023847023847 0.331008331008 0.285633285633 
0.006191 0.322852 0.636697 0.03426 
0.30278 0.356804 0.288081 0.052335 
0.383369 0.335881 0.277634 0.003116 
0.004678995321 0.438737561262 0.526715473285 0.029867970132 
0.333913695685 0.535655782789 0.130430521526 
0.196912119715 0.648526861698 0.154561018586 
0.388512611487 0.572549427451 0.012913987086 0.026023973976 
0.371887628112 0.558398441602 0.00924499075501 0.0604689395311 
0.325422 0.338385 0.336193 
0.353506 0.002989 0.481188 0.162317 
0.444924 0.157544 0.019079 0.378453 
0.467936 0.298035 0.234029 
0.325318325318 0.024242024242 0.602101602102 0.048338048338 
0.203963 0.657094 0.13859 0.000353 
0.164842318739 0.726312810502 0.108844870759 
0.0659213396285 0.780778243038 0.153300417334 
0.000216 0.247912 0.653578 0.037114 0.06118 
0.002046 0.083382 0.750614 0.159836 0.004122 
0.452736 0.00683 0.504125 0.036309 
0.042035 0.002028 0.425001 0.47035 0.058271 0.0016 0.000715 
0.032664 0.431474 0.478276 0.057586 
0.052976 0.234635 0.66401 0.048379 
0.283575 0.004925 0.325344 0.386156 
0.227442 0.376776 0.39553 0.000252 
0.10861010861 0.392955392955 0.49019049019 0.00824400824401 
0.011807988192 0.562661437339 0.396443603556 0.029086970913 
0.360573 0.210449 0.400701 0.028277 
0.175041 0.366855 0.39158 0.028269 0.038255 
0.121826 0.50621 0.318102 0.053862 
0.332171667828 0.221181778818 0.408368591631 0.038277961722 
0.127774872225 0.456557543442 0.361051638948 0.001345998654 0.0532699467301 
0.296692 0.201353 0.456949 0.045006 
0.130542 0.490394 0.318997 0.037443 0.022624 
0.303143 0.26851 0.4268 0.001547 
0.056964 0.388713 0.025521 0.003635 0.519361 0.005806 
0.058666 0.434051 0.02106 0.019921 0.466302 
0.243841 0.312293 0.403778 0.040088 
0.407177407177 0.354612354612 0.200648200648 0.037562037562 
0.0891210891211 0.162014162014 0.132709132709 0.607356607357 0.00879900879901 
0.149750850249 0.15157984842 0.355136644863 0.339338660661 0.004193995806 
0.001626001626 0.319372319372 0.02844002844 0.419048419048 0.231513231513 
0.082054 0.152426 0.020904 0.698605 0.046011 
0.255233744766 0.004156995843 0.425037574962 0.315571684428 
0.526393 0.113622 0.359985 
0.862243 0.002363 0.006842 0.02831 0.100242 
0.211364788635 0.178387821612 0.610247389753 
0.168154 0.151007 0.680839 
0.558264 0.074282 0.367454 
0.100641899358 0.213868786131 0.684455315545 0.001033998966 
0.01793 0.17649 0.766837 0.038743 
0.130185 0.641429 0.228386 
0.119438119438 0.00941500941501 0.612288612289 0.258858258858 
0.10208010208 0.627380627381 0.270539270539 
0.105758105758 0.645278645279 0.248963248963 
0.156686843313 0.755243244757 0.0880699119301 
0.135421 0.779311 0.085268 
0.010766 0.266172 0.680904 0.042158 
0.000348 0.292975 0.644155 0.062522 
0.000901 0.054223 0.620431 0.324445 
0.000102 0.047988 0.021226 0.823233 0.107451 
0.00053 0.058859 0.363088 0.577523 
0.009785 0.151499 0.838716 
0.007034 0.145825 0.847141 
0.053474 0.340785 0.605741 
0.038528 0.316166 0.645306 
0.008437 0.1434 0.848163 
0.028935 0.314899 0.656166 
0.00445 0.109057 0.886493 
0.000981 0.045587 0.953432 
0.001851 0.056319 0.94183 
0.001667 0.068799 0.929534 
0.002329002329 0.0700420700421 0.927628927629 
0.0403919988079 0.914760561296 0.0448474398965 
0.0917081004972 0.778764345172 0.129527554331 
0.029642 0.416517 0.553841 
0.00317429838405 0.0842569201505 0.912568781465 
0.0444830889662 0.422690845382 0.532826065652 
0.00250320776624 0.0983701647237 0.89912662751 
0.0876229430324 0.883744768515 0.028632288453 
0.0580563092096 0.907778743388 0.034164947402 
0.0533718287069 0.915638528842 0.030989642451 
0.1003714052 0.882253351547 0.0173752432534 
0.042287042287 0.447324447324 0.510388510389 
0.002498 0.114643 0.882719 0.00014 
0.0463738085785 0.913871640994 0.0397545504275 
0.0946937461186 0.887765745207 0.0175405086748 
0.038907 0.460251 0.500842 
0.002442997557 0.135668864331 0.861544138456 0.000343999656 
0.000167000167 0.027321027321 0.965203965204 0.00730800730801 
0.00013000013 0.019032019032 0.977807977808 0.00303000303 
0.000337999662 0.022733977266 0.974532025468 0.002395997604 
0.000636 0.993964 0.0054 
0.002153997846 0.992449007551 0.00539699460301 
0.000573 0.993459 0.005968 
0.00028 0.841456 0.128448 0.029816 
0.219424 0.773392 0.002458 0.004726 
0.445451 0.536613 0.017936 
0.75954 0.203715 0.036745 
0.164684 0.821639 0.006696 0.006981 
0.781989 0.179682 0.037996 0.000333 
0.79632 0.169526 0.033879 0.000275 
0.213172 0.77994 0.002133 0.004755 
0.000580999419001 0.82426017574 0.134832865167 0.040325959674 
0.156539 0.821838 0.013045 0.008578 
0.766306 0.196553 0.037141 
0.233947 0.759731 0.006322 
0.015048015048 0.820933820934 0.125623125623 0.038395038395 
0.203216 0.790976 0.000902 0.004906 
0.756447 0.210763 0.032201 0.000589 
0.761032761033 0.20756020756 0.030484030484 0.000923000923001 
0.003341 0.989419 0.00724 
0.435200564799 0.00751699248301 0.503777496223 0.0535049464951 
0.001086 0.050908 0.468053 0.40537 0.001304 0.050636 0.022643 
0.711192711193 0.144662144662 0.0672510672511 0.0768940768941 
0.799428 0.035687 0.042471 0.0012 0.121214 
0.732795 0.060294 0.206911 
0.594149 0.097828 0.308023 
0.02019002019 0.277275277275 0.625277625278 0.0772570772571 
0.217082 0.617927 0.16415 0.000841 
0.111897888102 0.211660788339 0.676441323559 
0.241047241047 0.665930665931 0.0783170783171 0.014705014705 
0.782436 0.207187 0.000566 0.001742 0.003993 0.004076 
0.663717663718 0.254013254013 0.016905016905 0.000189000189 0.0649340649341 0.000241000241 
0.882001 0.029093 0.087995 0.000911 
0.57271042729 0.0784329215671 0.348551651448 0.000304999695 
0.222042 0.616113 0.161585 0.00026 
0.231942 0.639563 0.127058 0.001437 
0.743249 0.224131 0.032361 0.000259 
0.765109329621 0.193085991567 0.0418046788117 
0.62263962264 0.176702176702 0.128863128863 0.0717950717951 
0.521136 0.10327 0.375594 
0.536009 0.100997 0.362994 
0.959782 0.027329 0.004899 0.004065 0.003925 
0.767734 0.200053 0.029855 0.002104 0.000254 
0.965997591971 0.0248262979156 0.00917611011332 
0.961916 0.027983 0.010101 
0.99794 0.001128 0.000932 
0.998110914991 0.00104204689211 0.000847038116715 
0.146527 0.841563 0.01191 
0.280821 0.70872 0.010459 
0.801573 0.049985 0.148442 
0.781786 0.065558 0.152656 
0.562581 0.020661 0.004903 0.411855 
0.0253788882611 0.966875840654 0.00774527108449 
0.109948 0.88346 0.004239 0.002187 0.000166 
0.0795920795921 0.91545991546 0.003483003483 0.001465001465 
0.010308 0.984643 0.004596 0.000453 
0.495578 0.466617 0.037805 
0.791515 0.175615 0.03287 
0.922329 0.015231 0.059661 0.002779 
0.617757 0.00539 0.373561 0.003292 
0.422786577213 0.140188859811 0.0555189444811 0.381505618494 
0.621404621405 0.268465268465 0.0818960818961 0.023094023094 0.00514000514001 
0.109837 0.888738 0.001425 
0.000531036110456 0.995870719209 0.00359824468064 
0.00539905399054 0.978404784048 0.0155931559316 0.00060300603006 
0.20424 0.032296 0.012691 0.750773 
0.989255570223 0.0096273850954 0.000541021640866 0.000576023040922 
0.000428020116945 0.997592886866 0.000872040985926 0.00110705203145 
0.995178744473 0.00361119139314 0.0012100641334 
0.006457 0.985852 0.006637 0.001054 
0.986382 0.010671 0.002947 
0.875324 0.112051 0.012625 
0.851738 0.126116 0.022146 
0.982414 0.013108 0.004478 
0.071199 0.777281 0.150789 0.000731 
0.102675 0.878274 0.016501 0.00255 
0.004423004423 0.976491976492 0.015799015799 0.003286003286 
0.000538 0.848423 0.129883 0.021156 
0.019897980102 0.975293024707 0.004808995191 
0.004475995524 0.983093016907 0.010815989184 0.001614998385 
0.895588 0.102082 0.00233 
0.44282 0.364138 0.068296 0.124746 
0.788698 0.040184 0.169735 0.001383 
0.784697 0.010522 0.204781 
0.771217 0.013449 0.053297 0.16071 0.001327 
0.321528430569 0.672507450149 0.00438908778176 0.00157503150063 
0.767811 0.193797 0.038392 
0.873106625037 0.00284218758438 0.118575826005 0.00045002970196 0.00502533167189 
0.424728 0.006311 0.002764 0.564974 0.001223 
0.222482222482 0.76091976092 0.013385013385 0.003213003213 
0.219389 0.700875 0.07821 0.001526 
0.68028 0.054975 0.264605 0.00014 
0.003156996843 0.251090748909 0.74148025852 0.004271995728 
0.057084 0.285869 0.656054 0.000993 
0.0504470504471 0.330003330003 0.618628618629 0.000921000921001 
0.299275 0.693296 0.007429 
0.326112673887 0.665277334723 0.00860999139001 
0.039024039024 0.948416948417 0.012559012559 
0.003867996132 0.037176962823 0.955986044014 0.002968997031 
0.057498 0.927662 0.01484 
0.063025 0.929245 0.007585 0.000145 
0.004991 0.058469 0.934327 0.002213 
0.001695 0.992594 0.005711 
0.000858 0.996009 0.003133 
0.001891 0.967762 0.030347 
0.004384 0.944105 0.051511 
0.419662 0.57392 0.006254 0.000164 
0.0521734869199 0.94597035345 0.000862074138376 0.000994085491352 
0.00556240049284 0.961950260419 0.0324873390884 
0.0091431737203 0.933041727793 0.0578150984869 
0.00890700890701 0.839504839505 0.148795148795 0.002793002793 
0.015733015733 0.82598982599 0.158116158116 0.000161000161 
0.0117202695662 0.848565517007 0.139714213427 
0.00170302895149 0.229014893253 0.769020073341 0.000262004454076 
0.000579999420001 0.216357783642 0.78234021766 0.000490999509 0.000230999769 
0.001081001081 0.221278221278 0.777322777323 0.000318000318 
0.006748 0.236206 0.756585 0.000461 
0.043099 0.859661 0.09724 
0.167765 0.830573 0.001662 
0.067841 0.855744 0.076415 
0.0739890739891 0.845645845646 0.0803650803651 
0.17135 0.827233 0.001417 
0.007495 0.974477 0.018028 
0.015504 0.97625 0.008246 
0.01072 0.973953 0.015327 
0.012762 0.974219 0.013019 
0.01892998107 0.968015031985 0.013054986945 
0.0277339984239 0.954340356253 0.0179256453232 
0.00354610283698 0.771977387344 0.224476509819 
0.001953998046 0.764283235717 0.233561766438 0.000200999799 
0.167290840199 0.807179878979 0.0255292808221 
0.167307011526 0.82784390119 0.00484908728357 
0.001534 0.771406 0.22706 
0.001102001102 0.797385797386 0.201512201512 
0.000606 0.813553 0.185841 
0.959844 0.040156 
0.186735120411 0.811198867193 0.00206601239607 
0.356377207395 0.643622792605 
0.603601 0.396399 
0.000497 0.259445 0.732481 0.007577 
0.00036 0.345913 0.653727 
0.041477 0.879396 0.079127 
0.009658 0.410359 0.574461 0.005522 
0.0886809113191 0.623923376077 0.284108715891 0.003286996713 
0.0878620878621 0.841092841093 0.0710450710451 
0.033676 0.877367 0.088957 
0.000247 0.714184 0.285569 
0.024719 0.457003 0.518278 
0.00274 0.126844 0.869303 0.001113 
0.0933 0.9067 
0.024201024201 0.440563440563 0.535235535236 
0.00709599290401 0.281565718434 0.634606365394 0.0767319232681 
0.042911 0.444734 0.512355 
0.000134 0.129208 0.772813 0.097845 
0.012935 0.390389 0.596676 
0.002066 0.119985 0.466218 0.411731 
0.156739156739 0.658302658303 0.184958184958 
0.014918985081 0.0971679028321 0.887913112087 
0.020962 0.341111 0.637927 
0.004408 0.066395 0.929197 
0.006206 0.122279 0.871515 
0.055235 0.772734 0.172031 
0.007779 0.17765 0.814571 
0.016594 0.188952 0.794454 
0.142012 0.694457 0.163531 
0.04545 0.928394 0.026156 
0.003491 0.130802 0.85829 0.007417 
0.080201 0.884192 0.035607 
0.158668841331 0.505761494239 0.33556966443 
0.042169 0.162292 0.795539 
0.034331 0.290907 0.674762 
0.165728 0.544229 0.290043 
0.0702 0.862021 0.067779 
0.103816 0.843333 0.052425 0.000426 
0.506743140598 0.489485501123 0.00280226621529 0.000969092063746 
0.110299 0.769435 0.117598 0.002668 
0.001056001056 0.832073832074 0.152451152451 0.014419014419 
0.006267 0.262178 0.729891 0.001664 
0.231692402156 0.765115537195 0.00319206064915 
0.0117212227032 0.985210719004 0.00306805829311 
0.0122844422399 0.986894528203 0.000212007632275 0.000609021924789 
0.000163 0.990276 0.009561 
0.00079807023018 0.993781452768 0.000500044003872 0.0049204329981 
0.017411 0.856093 0.122565 0.003931 
0.873625126375 0.0985249014751 0.02784997215 
0.174282 0.824227 0.001491 
0.192196 0.801974 0.00583 
0.224311861003 0.77517409119 0.00014801376528 0.000366034041166 
0.994019005981 0.003691996308 0.002288997711 
0.993816 0.000393 0.000699 0.005092 
0.749863 0.217951 0.032186 
0.20615 0.787736 0.006114 
0.022264 0.966877 0.010859 
0.000863 0.948765 0.050372 
0.003113 0.844635 0.152252 
0.027326027326 0.942350942351 0.030019030019 0.000304000304 
0.004841 0.785273 0.209886 
0.045588045588 0.931624931625 0.022575022575 0.000212000212 
0.003424996575 0.000256999743 0.589686410314 0.406631593368 
0.00262712610205 0.716442389235 0.280930484663 
0.112101 0.476943 0.410366 0.00059 
0.001214 0.177585 0.384507 0.436694 
0.298992507311 0.701007492689 
0.004213 0.033491 0.825323 0.136973 
0.060906 0.65498 0.284114 
0.027537 0.527209 0.445254 
0.001045001045 0.151892151892 0.847062847063 
0.288277 0.711723 
0.001113 0.089231 0.909656 
0.114285 0.577249 0.308466 
0.030762 0.367426 0.601812 
0.034006 0.885668 0.080326 
0.003154 0.054474 0.935229 0.007143 
0.005695 0.991995 0.00231 
0.00659028997276 0.0192448467733 0.705671049526 0.266851741477 0.00164207225118 
0.00533500533501 0.013894013894 0.704140704141 0.267952267952 0.00867800867801 
0.222336222336 0.587880587881 0.181945181945 0.00761800761801 0.00022000022 
0.205565222609 0.603770150806 0.182716308652 0.00794831793272 
0.00781099218901 0.020327979672 0.698482301518 0.265047734952 0.00833099166901 
0.225172225172 0.585942585943 0.181336181336 0.00731900731901 0.00023000023 
0.226882058093 0.598316258566 0.172095456018 0.0027062273231 
0.007707 0.020303 0.69869 0.265109 0.008191 
0.0122326116306 0.441519075954 0.535613780689 0.0106345317266 
0.529666 0.462695 0.007279 0.00036 
0.011876011876 0.498834498834 0.475658475658 0.013631013631 
0.044365044365 0.759166759167 0.196468196468 
0.0314152199065 0.757649303545 0.210935476548 
0.0444996464869 0.760099123668 0.195401229846 
0.237871801257 0.737514288029 0.0185016845623 0.00611222615237 
0.244875 0.726324 0.023408 0.005393 
0.020718979281 0.960504039496 0.000211999788 0.001642998357 0.002070997929 0.002002997997 0.012847987152 
0.000648999351001 0.947767052233 0.00514799485201 0.025162974837 0.021272978727 
0.909065727197 0.0708692126076 0.000177000531002 0.0198880596642 
0.913014 0.046507 0.023297 0.002647 0.014142 0.000393 
0.000156999843 0.013821986178 0.260547739452 0.665878334122 0.0595949404051 
0.004406 0.002147 0.574659 0.384852 0.033936 
0.065943 0.653822 0.272574 0.007661 
0.70028029972 0.277850722149 0.021868978131 
0.032083 0.859429 0.103589 0.004899 
0.097167 0.785234 0.117053 0.000546 
0.011025988974 0.113715886284 0.673392326608 0.19590980409 0.002995997004 0.00295999704 
0.1758998241 0.0768219231781 0.728279271721 0.000323999676 0.000330999669 0.018343981656 
0.004228 0.510745 0.43072 0.054307 
0.155681844318 0.318960681039 0.507857492143 0.017035982964 0.000463999536 
0.143466856533 0.418480581519 0.431212568787 0.001688998311 0.00515099484901 
0.003338 0.4946 0.475545 0.026517 
0.335786 0.068803 0.588715 0.006696 
0.845352 0.046586 0.088171 0.019891 
0.526129 0.434201 0.03967 
0.536971 0.456973 0.005468 0.000588 
0.565022 0.429141 0.000498 0.001272 0.000302 0.003765 
0.718164 0.035115 0.217929 0.028792 
0.005444 0.420538 0.54407 0.029948 
0.052128 0.410157 0.449189 0.088526 
0.050705 0.406555 0.538782 0.003958 
0.023954 0.298749 0.621201 0.056096 
0.024449 0.302266 0.625969 0.047316 
0.053099 0.374258 0.50907 0.063573 
0.062259 0.478669 0.459072 
0.021914 0.28274 0.64679 0.048556 
0.024218024218 0.211197211197 0.732904732905 0.03168003168 
0.044138 0.623286 0.332576 
0.133945 0.516757 0.34322 0.005382 0.000696 
0.837011 0.007902 0.038854 0.007337 0.108896 
0.734843 0.012426 0.252731 
0.918929 0.000562 0.013093 0.002828 0.064588 
0.568302 0.424957 0.006356 0.000113 0.000272 
0.486664 0.373196 0.14014 
0.311772 0.555085 0.133143 
0.306861 0.560182 0.132957 
0.318991681008 0.566118433882 0.11488988511 
0.055788 0.65807 0.000623 0.24088 0.044639 
0.0574870574871 0.8865998866 0.00023000023 0.0556830556831 
0.523222 0.211023 0.265755 
0.552094 0.01945 0.394501 0.033955 
0.432703 0.539738 0.027559 
0.463446 0.506565 0.028708 0.001281 
0.315767 0.677435 0.003364 0.003434 
0.295615 0.554249 0.149388 0.000748 
0.142148142148 0.362604362604 0.42158042158 0.0582170582171 0.01545001545 
0.1441 0.008626 0.51802 0.328918 0.000336 
0.308402699921 0.0658198325601 0.625777467519 
0.308537 0.586763 0.104187 0.000513 
0.842229157771 0.000235999764 0.121008878991 0.00576999423001 0.030436969563 0.000318999681 
0.123811 0.873951 0.001718 0.00052 
0.00629749120431 0.991376327354 0.00232618144215 
0.122622 0.873749 0.000571 0.003058 
0.0326707968938 0.958589722435 0.000692038062093 0.00804744260934 
0.997782002218 0.000917999082001 0.000525999474001 0.000175999824 0.000597999402001 
0.444711002399 0.124307118764 0.0544514900634 0.376530388773 
0.688932688933 0.208261208261 0.102171102171 0.000635000635001 
0.849465698931 0.127248254497 0.0230350460701 0.000251000502001 
0.990261 0.000728 0.006178 0.002833 
0.975375 0.006829 0.000274 0.00263 0.014892 
0.991116 0.008493 0.000268 0.000123 
0.979969 0.001645 0.009858 0.000879 0.007649 
0.994755005245 0.00524499475501 
0.99486999487 0.000602000602001 0.004528004528 
0.224238 0.018266 0.757496 
0.420679 0.578039 0.001282 
0.182814 0.815111 0.001709 0.000366 
0.004438 0.991656 0.003358 0.000548 
0.071614 0.922564 0.00503 0.000792 
0.232148767851 0.764426235574 0.003230996769 0.000193999806 
0.237622 0.661029 0.085633 0.015716 
0.936214 0.050599 0.013187 
0.895983895984 0.0815810815811 0.022435022435 
0.819303 0.142602 0.038095 
0.651098651099 0.269988269988 0.0789130789131 
0.252756252756 0.71142971143 0.0258000258 0.010014010014 
0.972398027602 0.01780998219 0.003694996305 0.001862998137 0.004233995766 
0.710803710804 0.229677229677 0.0593930593931 0.000126000126 
0.80202 0.156307 0.041673 
0.841313 0.000102 0.116094 0.042491 
0.802455851573 0.17593569465 0.0212794468684 0.000329006909145 
0.865091087642 0.13137380984 0.00353510251797 
0.960208 0.002161 0.001532 0.036099 
0.933676540884 0.0476590484991 0.018664410617 
0.972733972734 0.01346001346 0.013806013806 
0.992867500725 0.00536037522627 0.00177212404868 
0.999867991815 0.000132008184507 
0.901251543804 0.098748456196 
0.177479372108 0.0132602519448 0.720897697056 0.0883626788909 
0.175218700875 0.0194810779243 0.709356837427 0.0959433837735 
0.047094 0.08218 0.72857 0.142156 
0.101147101147 0.732705732706 0.166147166147 
0.0948499051501 0.733499266501 0.171650828349 
0.089061 0.736849 0.17409 
0.084292 0.738697 0.177011 
0.096333 0.728723 0.174944 
0.032293 0.778369 0.189338 
0.223504 0.744757 0.029884 0.001134 0.000721 
0.027793 0.621233 0.339231 0.011743 
0.222716 0.585463 0.183269 0.008284 0.000268 
0.003945996054 0.010381989618 0.707403292597 0.269562730437 0.00870599129401 
0.087309 0.735941 0.17675 
0.986081 0.005662 0.003611 0.004646 
1.0 
0.994216 0.001034 0.001719 0.003031 
1.0 
0.32056 0.677232 0.002208 
0.258539258539 0.737293737294 0.000865000865001 0.003302003302 
0.217835 0.780643 0.001162 0.00036 
0.831354831355 0.1389001389 0.000209000209 0.000135000135 0.029401029401 
0.994361 0.001787 0.003852 
0.995804995805 0.003372003372 0.000823000823001 
0.896373860112 0.0997330970641 0.00389304282347 
0.497252502747 0.483680516319 0.001848998151 0.017217982782 
1.0 
1.0 
1.0 
0.999695971725 0.00030402827463 
1.0 
1.0 
1.0 
1.0 
0.999894998425 0.000105001575024 
1.0 
1.0 
1.0 
1.0 
0.999697 0.000303 
0.998966 0.001034 
0.999703981055 0.000104006656426 0.000192012288786 
1.0 
1.0 
1.0 
1.0 
1.0 
1.0 
1.0 
1.0 
1.0 
1.0 
1.0 
1.0 
1.0 
1.0 
1.0 
1.0 
1.0 
1.0 
1.0 
1.0 
1.0 
1.0 
1.0 
1.0 
1.0 
1.0 
1.0 
0.99961 0.00039 
0.998905 0.001095 
0.999887987903 0.000112012097307 
0.996412 0.003588 
0.998163 0.001837 
0.993865 0.006135 
0.980837 0.019163 
1.0 
1.0 
1.0 
0.999754 0.000246 
0.999751 0.000249 
1.0 
0.998899 0.001101 
0.999269 0.000731 
0.997478997479 0.002521002521 
0.997936 0.002064 
0.999637 0.000363 
1.0 
0.9996 0.000231 0.000169 
1.0 
1.0 
1.0 
1.0 
0.999396996382 0.000603003618022 
0.999530997655 0.000469002345012 
1.0 
1.0 
1.0 
1.0 
1.0 
1.0 
0.999776999777 0.000223000223 
1.0 
0.999863995376 0.000136004624157 
1.0 
1.0 
1.0 
0.999884998965 0.000115001035009 
0.001313001313 0.998376998377 0.00031000031 
0.000227000454001 0.999496998994 0.000276000552001 
1.0 
0.99988 0.00012 
1.0 
1.0 
1.0 
1.0 
1.0 
1.0 
0.000284 0.999716 
0.000783001566003 0.999216998434 
1.0 
1.0 
1.0 
0.006219 0.989998 0.003783 
0.002318 0.994305 0.003377 
0.999868996463 0.000131003537096 
0.999886997288 0.000113002712065 
1.0 
0.999825998956 0.000174001044006 
0.999791 0.000209 
0.998769 0.001231 
1.0 
0.999896989699 0.00010301030103 
0.998964 0.001036 
0.99842 0.00158 
0.998835 0.001165 
0.972612 0.027388 
0.95471 0.04529 
0.967801 0.032199 
0.979236 0.020764 
0.99372 0.00628 
0.994013 0.005987 
0.998921001079 0.000808999191001 0.00026999973 
0.995864809781 0.00413519021875 
0.998762 0.001075 0.000163 
0.998354945713 0.00164505428679 
0.98967 0.01033 
0.983001 0.016999 
0.990039 0.009961 
1.0 
0.99989599896 0.00010400104001 
1.0 
1.0 
0.998916 0.001084 
0.999121 0.000879 
0.999228 0.000772 
0.998539 0.001461 
1.0 
1.0 
0.999769 0.000231 
0.999891 0.000109 
0.999651 0.000349 
0.999882 0.000118 
0.999578990738 0.000421009262204 
0.999179 0.000821 
0.999049 0.000951 
0.999105 0.000895 
0.998565 0.001435 
0.998508 0.001492 
0.998598 0.001402 
0.999862999589 0.000137000411001 
1.0 
1.0 
1.0 
0.99845 0.00155 
0.999104 0.000896 
0.999801999604 0.000198000396001 
0.999653999654 0.000346000346 
0.999528 0.000472 
0.993386 0.006614 
0.998025 0.001975 
1.0 
1.0 
1.0 
1.0 
1.0 
1.0 
1.0 
1.0 
1.0 
1.0 
1.0 
1.0 
1.0 
1.0 
0.000478 0.999522 
0.001195001195 0.998804998805 
0.001013 0.998987 
0.00011200280007 0.9998879972 
0.000105003255101 0.999894996745 
1.0 
1.0 
1.0 
1.0 
1.0 
1.0 
1.0 
1.0 
1.0 
1.0 
0.311437311437 0.687933687934 0.000629000629001 
0.309118 0.689571 0.001311 
1.0 
1.0 
1.0 
1.0 
1.0 
1.0 
1.0 
1.0 
1.0 
1.0 
1.0 
0.996666 0.003334 
0.997216 0.002784 
0.996862 0.003138 
0.998858987449 0.00114101255114 
0.998806998807 0.001193001193 
0.99913000087 0.000765999234001 0.000103999896 
0.997943 0.002057 
0.995313 0.004687 
0.994741 0.005259 
0.99988699175 0.000113008249602 
0.99965999456 0.000340005440087 
0.998875001125 0.000573999426001 0.000550999449001 
0.996621 0.003379 
0.99930998689 0.000690013110249 
0.999594 0.000406 
0.998727 0.001273 
0.997006994014 0.00299300598601 
0.99926893786 0.000731062140282 
0.999144 0.000856 
0.998229 0.001771 
0.998171 0.001829 
0.997272 0.002728 
0.997784 0.002216 
0.996876 0.003124 
0.998076 0.001924 
0.995195 0.004805 
0.995137 0.004863 
0.996335 0.003665 
0.996672 0.003328 
0.998102 0.001898 
0.996882 0.003118 
0.999149 0.000851 
1.0 
0.999665999666 0.000334000334 
1.0 
0.999485934714 0.000514065286291 
1.0 
1.0 
1.0 
0.00171304967844 0.998286950322 
1.0 
1.0 
1.0 
1.0 
1.0 
0.999817999818 0.000182000182 
1.0 
0.999646999647 0.000353000353 
0.9999 0.0001 
1.0 
1.0 
1.0 
1.0 
1.0 
1.0 
1.0 
1.0 
1.0 
1.0 
1.0 
1.0 
1.0 
1.0 
1.0 
1.0 
1.0 
1.0 
1.0 
1.0 
1.0 
1.0 
1.0 
1.0 
1.0 
1.0 
1.0 
1.0 
1.0 
1.0 
0.000108004428182 0.999891995572 
0.00200928531852 0.997990714681 
0.009796 0.984721 0.005483 
0.003454996545 0.012010987989 0.981844018156 0.00268999731 
0.006471 0.009864 0.983665 
0.00510099489901 0.00841099158901 0.986488013512 
0.00140999859 0.0719949280051 0.926595073405 
0.000947 0.04914 0.949913 
0.005142 0.049134 0.945724 
0.006336 0.049154 0.94451 
0.496468 0.503418 0.000114 
0.444422555577 0.555257444743 0.00031999968 
0.414929 0.585071 
0.338159 0.661841 
0.571662 0.428338 
0.000148 0.603039 0.396813 
0.000148 0.571207 0.428645 
0.000590999409001 0.599366400634 0.400042599957 
0.000178999821 0.525672474328 0.474148525851 
0.031481 0.820732 0.147787 
0.124474 0.000114 0.738928 0.136484 
0.21533 0.0005 0.643988 0.140182 
0.073735 0.678192 0.248073 
0.066857 0.538874 0.394269 
0.013076 0.183121 0.802936 0.000867 
0.011497 0.200691 0.749857 0.037955 
0.215531112527 0.695446949749 0.0890219377239 
0.001163001163 0.203873203873 0.79321979322 0.001744001744 
0.183304549914 0.716655149965 0.100040300121 
0.003018996981 0.82173017827 0.16140983859 0.013840986159 
0.00203519944955 0.762422717426 0.219958555938 0.0155835271857 
0.00164113949686 0.5564552987 0.430699609467 0.0112039523359 
0.001967 0.31847 0.677561 0.002002 
0.001666998333 0.244576755423 0.753622246378 0.000133999866 
0.206420825683 0.786915147661 0.00542002168009 0.00124400497602 
0.194264942649 0.80019600196 0.00258202582026 0.0029570295703 
0.170894930583 0.823998951976 0.0020860479791 0.0030200694616 
0.144767 0.854917 0.000114 0.000202 
0.129572684445 0.870146311902 0.000281003653047 
0.00926499073501 0.779712220288 0.192140807859 0.018881981118 
0.008235 0.59406 0.377696 0.020009 
0.007113 0.331008 0.654746 0.007133 
0.009473 0.82898 0.155815 0.005732 
0.00634999365001 0.257700742299 0.71861028139 0.017338982661 
0.253464 0.736289 0.010247 
0.001656 0.840828 0.157516 
0.015567 0.826668 0.157765 
0.235975 0.751623 0.012402 
0.01757 0.790568 0.191862 
0.160823839176 0.820624179376 0.018551981448 
0.018651 0.71821 0.263139 
0.068614 0.888135 0.043251 
0.543617718089 0.456382281911 
0.027606 0.824052 0.148342 
0.0001 0.250333 0.749567 
0.000376 0.231272 0.768352 
0.208435 0.791565 
0.190144 0.809856 
0.133456 0.866544 
0.041232 0.958768 
0.038366 0.961634 
0.035804 0.964196 
0.033174 0.966826 
0.023676 0.976324 
0.002429 0.997571 
0.002261 0.997739 
0.002494 0.997506 
0.002732 0.997268 
0.002144 0.997856 
1.0 
1.0 
1.0 
1.0 
1.0 
0.0135658275155 0.0781717684779 0.653381856293 0.254880547713 
0.000464000464 0.312572312572 0.524978524979 0.161985161985 
0.00937700937701 0.023913023913 0.695286695287 0.263339263339 0.00808400808401 
0.233521802262 0.60053920647 0.165938991268 
0.000212 0.254604 0.581119 0.164065 
0.010955010955 0.037664037664 0.684330684331 0.260825260825 0.00622500622501 
0.002172 0.55961 0.429649 0.007915 0.000654 
0.013041 0.590513 0.388842 0.007604 
0.014352 0.837266 0.140872 0.00751 
0.0049 0.00906 0.511225 0.440207 0.034608 
0.020751 0.231072 0.560141 0.187303 0.000733 
0.212197278204 0.349049131537 0.402998015857 0.0357555744014 
0.00465000465 0.227362227362 0.672388672389 0.0927740927741 0.002825002825 
0.0800365234332 0.912246751195 0.00771672537218 
0.001653998346 0.100916899083 0.896338103662 0.001090998909 
0.002449 0.005244 0.273335 0.718972 
0.026869026869 0.000421000421 0.194952194952 0.775743775744 0.002014002014 
0.000814 0.406623 0.000456 0.113074 0.479033 
0.000285 0.248718 0.014317 0.412804 0.323738 0.000138 
0.0669959379431 0.00111201556822 0.179531513441 0.748513479189 0.00384705385875 
0.0434731301834 0.938897005953 0.0176298638633 
0.0349911142092 0.923309174517 0.0416997112743 
0.000548999451001 0.123706876293 0.866381133619 0.00936299063701 
0.0580808712131 0.9342600139 0.00765911488672 
0.046136046136 0.920318920319 0.030349030349 0.003196003196 
0.0404751214254 0.912488737466 0.0470361411084 
0.033889033889 0.948746948747 0.002428002428 0.014936014936 
0.090927 0.90792 0.001021 0.000132 
0.069103 0.89716 0.021732 0.012005 
0.069498 0.84348 0.085449 0.001573 
0.006512 0.139146 0.854223 0.000119 
0.000571000571001 0.0602440602441 0.929060929061 0.010124010124 
0.085269 0.009625 0.259141 0.645965 
0.01028 0.148499 0.841221 
0.049731950268 0.34298965701 0.607278392722 
0.002364 0.0642 0.933436 
0.0569142361097 0.909856706817 0.0332290570733 
0.052053 0.930513 0.016925 0.000509 
0.0454875913387 0.461077994014 0.493434414647 
0.036667963332 0.496966503033 0.465473534526 0.000891999108001 
0.075632 0.911297 0.00028 0.012791 
0.081572 0.903483 0.014811 0.000134 
0.002378997621 0.117090882909 0.880284119716 0.000245999754 
0.002147997852 0.151798848201 0.845454154546 0.000598999401001 
0.000162 0.03943 0.950944 0.009464 
0.000128999871 0.026402973597 0.969568030432 0.0038999961 
0.006596 0.960357 0.031868 0.001179 
0.002044 0.988323 0.00547 0.004163 
0.000612999387001 0.850116149884 0.121970878029 0.0272999727 
0.001686 0.867683 0.130078 0.000553 
0.285399285399 0.700397700398 0.00658300658301 0.00762000762001 
0.160138160138 0.812546812547 0.017577017577 0.00973800973801 
0.005455 0.819395 0.13458 0.04057 
0.762418762419 0.199591199591 0.037555037555 0.000435000435 
0.165391 0.824431 0.004484 0.005694 
0.159213840786 0.823288176712 0.010013989986 0.00748399251601 
0.809081809082 0.156389156389 0.034529034529 
0.788072 0.176656 0.035272 
0.499309 0.483883 0.016808 
0.468316 0.51512 0.016564 
0.801671198329 0.161123838876 0.037204962795 
0.259231 0.734689 0.00608 
0.007791 0.191896 0.795177 0.000362 0.004774 
0.218714531002 0.747760234322 0.0221301549111 0.0113950797656 
0.626508988174 0.326853514014 0.0453614021052 0.00127609570718 
0.0015999984 0.945615054385 0.034326965673 0.018457981542 
0.006507 0.984167 0.009326 
0.0464910920991 0.946045572051 0.00746333585011 
0.000373 0.169619 0.828592 0.001416 
0.018495 0.50585 0.475521 0.000134 
0.001943998056 0.175653824346 0.821862178138 0.000539999460001 
0.030467 0.512887 0.456165 0.000481 
0.000136 0.047139 0.945 0.007725 
0.00529929676062 0.994700703239 
0.000811 0.98625 0.012939 
0.03651 0.482552 0.480938 
0.002395002395 0.164013164013 0.832914832915 0.000677000677001 
0.029505 0.958245 0.01225 
0.003321 0.98964 0.006446 0.000593 
0.862936801375 0.110305817218 0.0264933579089 0.000264023498091 
0.369451 0.625432 0.005117 
0.698091698092 0.241939241939 0.0599690599691 
0.000997 0.818308 0.138917 0.041778 
0.266873 0.72597 0.001143 0.006014 
0.045577954422 0.271454728545 0.677774322226 0.001081998918 0.004110995889 
0.334879 0.650823 0.01058 0.003718 
0.048194 0.826334 0.095365 0.030107 
0.009651 0.826516 0.125942 0.037891 
0.229772229772 0.764010764011 0.00621700621701 
0.237062 0.756741 0.006197 
0.826449 0.133474 0.040077 
0.229297 0.764451 0.006252 
0.366557 0.617643 0.012289 0.003511 
0.613828 0.370856 0.015097 0.000219 
0.500944 0.498522 0.000534 
0.494723 0.158617 0.327807 0.005096 0.007389 0.006368 
0.620548 0.182221 0.197231 
0.006191 0.322852 0.636697 0.03426 
0.30278 0.356804 0.288081 0.052335 
0.333914695735 0.535655782789 0.130429521476 
0.196913119741 0.648526861698 0.15456001856 
0.388514 0.572549 0.012913 0.026024 
0.371888 0.558399 0.009244 0.060469 
0.325422 0.338384 0.336194 
0.353506 0.002989 0.481188 0.162317 
0.444924444924 0.157544157544 0.019078019078 0.378453378453 
0.467936 0.298035 0.234029 
0.325318325318 0.024242024242 0.602101602102 0.048338048338 
0.203962203962 0.657094657095 0.13859013859 0.000353000353 
0.164842318739 0.726312810502 0.108844870759 
0.0659213396285 0.780778243038 0.153300417334 
0.000216 0.247912 0.653578 0.037114 0.06118 
0.002046 0.083382 0.750614 0.159836 0.004122 
0.452736 0.00683 0.504125 0.036309 
0.042035 0.002028 0.425001 0.47035 0.058271 0.0016 0.000715 
0.032664 0.431474 0.478276 0.057586 
0.052976 0.234635 0.66401 0.048379 
0.283575 0.004925 0.325343 0.386157 
0.227442 0.376776 0.39553 0.000252 
0.10861010861 0.392955392955 0.49019049019 0.00824400824401 
0.011808 0.562662 0.396443 0.029087 
0.360573 0.210449 0.400701 0.028277 
0.175041 0.366855 0.39158 0.028269 0.038255 
0.121826 0.50621 0.318102 0.053862 
0.332171667828 0.221181778818 0.408368591631 0.038277961722 
0.127774872225 0.456557543442 0.361051638948 0.001345998654 0.0532699467301 
0.296692 0.201353 0.456949 0.045006 
0.130542130542 0.490394490394 0.318997318997 0.037442037442 0.022624022624 
0.303143 0.26851 0.4268 0.001547 
0.056964 0.388713 0.025521 0.003635 0.519361 0.005806 
0.0586660586661 0.434051434051 0.02106002106 0.019921019921 0.466301466301 
0.243842 0.312293 0.403777 0.040088 
0.407177 0.354612 0.200648 0.037563 
0.089121 0.162014 0.132709 0.607356 0.0088 
0.14975 0.15158 0.355137 0.339339 0.004194 
0.001626 0.319372 0.02844 0.419049 0.231513 
0.082054 0.152426 0.020904 0.698605 0.046011 
0.255233744766 0.004156995843 0.425037574962 0.315571684428 
0.526393 0.113622 0.359985 
0.211364 0.178388 0.610248 
0.168154 0.151007 0.680839 
0.558263441737 0.0742819257181 0.367454632545 
0.100642 0.213868 0.684456 0.001034 
0.01793 0.17649 0.766837 0.038743 
0.130185 0.641429 0.228386 
0.119438 0.009415 0.612288 0.258859 
0.10208010208 0.627380627381 0.270539270539 
0.105758 0.645279 0.248963 
0.156687 0.755244 0.088069 
0.135421 0.779311 0.085268 
0.010766 0.266172 0.680904 0.042158 
0.000347999652 0.292975707024 0.644154355846 0.0625219374781 
0.000901 0.054223 0.620431 0.324445 
0.000101999898 0.047987952012 0.021225978774 0.823233176767 0.107450892549 
0.00053 0.058859 0.363088 0.577523 
0.009785 0.151499 0.838716 
0.007034 0.145825 0.847141 
0.053474 0.340785 0.605741 
0.038528 0.316166 0.645306 
0.008437 0.1434 0.848163 
0.028935 0.314899 0.656166 
0.00445 0.109057 0.886493 
0.000981 0.045587 0.953432 
0.001851 0.056319 0.94183 
0.001667 0.068799 0.929534 
0.002329002329 0.0700420700421 0.927628927629 
0.0403919988079 0.914760561296 0.0448474398965 
0.0917081922065 0.778764123934 0.12952768386 
0.029642 0.416517 0.553841 
0.00317429838405 0.0842569201505 0.912568781465 
0.0444830889662 0.422690845382 0.532826065652 
0.00250320776624 0.0983701647237 0.89912662751 
0.0876229430324 0.883744768515 0.028632288453 
0.0580563092096 0.907778743388 0.034164947402 
0.0533718287069 0.915638528842 0.030989642451 
0.1003714052 0.882253351547 0.0173752432534 
0.042287042287 0.447324447324 0.510388510389 
0.002498 0.114643 0.882719 0.00014 
0.0463738085785 0.913871640994 0.0397545504275 
0.0946947461476 0.887765745207 0.0175395086458 
0.038907038907 0.460251460251 0.500841500842 
0.002442997557 0.135668864331 0.861544138456 0.000343999656 
0.000167000167 0.027321027321 0.965203965204 0.00730800730801 
0.00013000013 0.019032019032 0.977807977808 0.00303000303 
0.000337999662 0.022733977266 0.974532025468 0.002395997604 
0.000636 0.993964 0.0054 
0.002154 0.992449 0.005397 
0.000573 0.993459 0.005968 
0.00028 0.841456 0.128448 0.029816 
0.219423780576 0.773391226609 0.002458997541 0.004725995274 
0.445451 0.536613 0.017936 
0.75953975954 0.203715203715 0.036745036745 
0.164684 0.821639 0.006696 0.006981 
0.781989 0.179682 0.037996 0.000333 
0.79632 0.169526 0.033879 0.000275 
0.213172 0.77994 0.002133 0.004755 
0.000581 0.824261 0.134833 0.040325 
0.156539 0.821838 0.013045 0.008578 
0.766306 0.196553 0.037141 
0.233947 0.759731 0.006322 
0.015048 0.820933 0.125624 0.038395 
0.203216 0.790976 0.000902 0.004906 
0.756447 0.210763 0.032201 0.000589 
0.761032761033 0.20756020756 0.030484030484 0.000923000923001 
0.003341 0.989419 0.00724 
0.435200564799 0.00751699248301 0.503777496223 0.0535049464951 
0.001086 0.050908 0.468053 0.40537 0.001304 0.050636 0.022643 
0.711192 0.144663 0.067251 0.076894 
0.799427401145 0.0356869286261 0.0424709150582 0.0011999976 0.12121475757 
0.732795 0.060294 0.206911 
0.594147594148 0.0978280978281 0.308024308024 
0.02019002019 0.277275277275 0.625277625278 0.0772570772571 
0.217082 0.617927 0.16415 0.000841 
0.111897 0.211661 0.676442 
0.241047241047 0.665930665931 0.0783170783171 0.014705014705 
0.782435782436 0.207187207187 0.000566000566001 0.001742001742 0.003993003993 0.004076004076 
0.663717663718 0.254013254013 0.016905016905 0.000189000189 0.0649340649341 0.000241000241 
0.882 0.029093 0.087996 0.000911 
0.572709 0.078433 0.348553 0.000305 
0.222041 0.616113 0.161586 0.00026 
0.765109329621 0.193085991567 0.0418046788117 
0.622639 0.176702 0.128864 0.071795 
0.521135 0.10327 0.375595 
0.536008 0.100997 0.362995 
