1.0 
1.0 
1.0 
1.0 
1.0 
1.0 
1.0 
1.0 
1.0 
1.0 
1.0 
1.0 
1.0 
1.0 
1.0 
1.0 
1.0 
1.0 
1.0 
1.0 
1.0 
1.0 
1.0 
1.0 
1.0 
1.0 
1.0 
1.0 
1.0 
1.0 
1.0 
1.0 
1.0 
0.00465576450616 0.00910607545278 0.00299338418068 0.98324477586 
1.0 
1.0 
1.0 
1.0 
1.0 
1.0 
1.0 
1.0 
1.0 
1.0 
1.0 
1.0 
1.0 
1.0 
1.0 
1.0 
1.0 
1.0 
1.0 
1.0 
1.0 
1.0 
1.0 
1.0 
1.0 
1.0 
1.0 
1.0 
1.0 
1.0 
1.0 
1.0 
1.0 
1.0 
1.0 
1.0 
1.0 
1.0 
1.0 
1.0 
1.0 
1.0 
1.0 
1.0 
1.0 
1.0 
1.0 
1.0 
1.0 
1.0 
1.0 
1.0 
1.0 
1.0 
1.0 
1.0 
1.0 
1.0 
1.0 
1.0 
1.0 
1.0 
1.0 
1.0 
1.0 
1.0 
1.0 
1.0 
1.0 
1.0 
1.0 
1.0 
1.0 
1.0 
1.0 
1.0 
1.0 
1.0 
1.0 
1.0 
1.0 
1.0 
1.0 
1.0 
1.0 
1.0 
1.0 
1.0 
1.0 
1.0 
1.0 
1.0 
1.0 
1.0 
1.0 
1.0 
1.0 
1.0 
1.0 
1.0 
1.0 
1.0 
1.0 
1.0 
1.0 
1.0 
1.0 
1.0 
1.0 
1.0 
1.0 
1.0 
1.0 
1.0 
1.0 
1.0 
1.0 
1.0 
1.0 
1.0 
1.0 
1.0 
1.0 
1.0 
1.0 
1.0 
1.0 
1.0 
1.0 
1.0 
1.0 
1.0 
1.0 
1.0 
1.0 
1.0 
1.0 
1.0 
1.0 
1.0 
1.0 
1.0 
1.0 
1.0 
1.0 
1.0 
1.0 
1.0 
1.0 
1.0 
1.0 
1.0 
1.0 
1.0 
1.0 
1.0 
1.0 
1.0 
1.0 
1.0 
1.0 
1.0 
1.0 
1.0 
1.0 
1.0 
1.0 
1.0 
1.0 
1.0 
1.0 
1.0 
1.0 
1.0 
1.0 
1.0 
1.0 
1.0 
1.0 
1.0 
1.0 
1.0 
1.0 
1.0 
1.0 
1.0 
1.0 
1.0 
1.0 
1.0 
1.0 
1.0 
1.0 
1.0 
1.0 
1.0 
1.0 
1.0 
1.0 
1.0 
1.0 
1.0 
1.0 
1.0 
1.0 
1.0 
1.0 
1.0 
1.0 
1.0 
1.0 
1.0 
1.0 
1.0 
1.0 
1.0 
1.0 
1.0 
1.0 
1.0 
1.0 
1.0 
1.0 
1.0 
1.0 
1.0 
1.0 
1.0 
1.0 
1.0 
1.0 
1.0 
1.0 
1.0 
1.0 
1.0 
1.0 
1.0 
1.0 
1.0 
1.0 
1.0 
1.0 
1.0 
1.0 
1.0 
1.0 
1.0 
1.0 
1.0 
1.0 
1.0 
1.0 
1.0 
1.0 
1.0 
1.0 
1.0 
1.0 
1.0 
1.0 
1.0 
1.0 
1.0 
1.0 
1.0 
1.0 
1.0 
1.0 
1.0 
1.0 
1.0 
1.0 
1.0 
1.0 
1.0 
1.0 
1.0 
1.0 
1.0 
1.0 
1.0 
1.0 
1.0 
1.0 
1.0 
1.0 
1.0 
1.0 
1.0 
1.0 
1.0 
1.0 
1.0 
1.0 
1.0 
1.0 
1.0 
1.0 
1.0 
1.0 
1.0 
1.0 
1.0 
1.0 
1.0 
1.0 
1.0 
1.0 
1.0 
1.0 
1.0 
1.0 
1.0 
1.0 
1.0 
1.0 
1.0 
1.0 
1.0 
1.0 
1.0 
1.0 
1.0 
1.0 
1.0 
1.0 
1.0 
1.0 
1.0 
1.0 
1.0 
1.0 
1.0 
1.0 
1.0 
1.0 
1.0 
1.0 
1.0 
1.0 
1.0 
1.0 
1.0 
1.0 
1.0 
1.0 
1.0 
1.0 
1.0 
1.0 
1.0 
1.0 
1.0 
1.0 
1.0 
1.0 
1.0 
1.0 
1.0 
1.0 
1.0 
1.0 
1.0 
1.0 
1.0 
1.0 
1.0 
1.0 
1.0 
1.0 
1.0 
1.0 
1.0 
1.0 
1.0 
1.0 
1.0 
1.0 
1.0 
1.0 
1.0 
1.0 
1.0 
1.0 
1.0 
1.0 
1.0 
1.0 
1.0 
1.0 
1.0 
1.0 
1.0 
1.0 
1.0 
1.0 
1.0 
1.0 
1.0 
1.0 
1.0 
1.0 
1.0 
1.0 
1.0 
1.0 
1.0 
1.0 
1.0 
1.0 
1.0 
1.0 
1.0 
1.0 
1.0 
1.0 
1.0 
1.0 
1.0 
1.0 
1.0 
1.0 
1.0 
1.0 
1.0 
1.0 
1.0 
1.0 
1.0 
1.0 
1.0 
1.0 
1.0 
1.0 
1.0 
1.0 
1.0 
1.0 
1.0 
1.0 
1.0 
1.0 
1.0 
1.0 
1.0 
1.0 
1.0 
1.0 
1.0 
1.0 
1.0 
1.0 
1.0 
1.0 
1.0 
1.0 
1.0 
1.0 
1.0 
1.0 
1.0 
1.0 
1.0 
1.0 
1.0 
1.0 
1.0 
1.0 
1.0 
1.0 
1.0 
1.0 
1.0 
1.0 
1.0 
1.0 
1.0 
1.0 
1.0 
1.0 
1.0 
1.0 
1.0 
1.0 
1.0 
1.0 
1.0 
1.0 
1.0 
1.0 
1.0 
1.0 
1.0 
1.0 
1.0 
1.0 
1.0 
1.0 
1.0 
1.0 
1.0 
1.0 
1.0 
1.0 
1.0 
1.0 
1.0 
1.0 
1.0 
1.0 
1.0 
1.0 
1.0 
1.0 
1.0 
1.0 
1.0 
1.0 
1.0 
1.0 
1.0 
1.0 
1.0 
1.0 
1.0 
1.0 
1.0 
1.0 
1.0 
1.0 
1.0 
1.0 
1.0 
1.0 
1.0 
1.0 
1.0 
1.0 
1.0 
1.0 
1.0 
1.0 
1.0 
1.0 
1.0 
1.0 
1.0 
1.0 
1.0 
1.0 
1.0 
1.0 
1.0 
1.0 
1.0 
1.0 
1.0 
1.0 
1.0 
1.0 
1.0 
1.0 
1.0 
1.0 
1.0 
1.0 
1.0 
1.0 
1.0 
1.0 
1.0 
1.0 
1.0 
1.0 
1.0 
1.0 
1.0 
1.0 
1.0 
1.0 
1.0 
1.0 
1.0 
1.0 
1.0 
1.0 
1.0 
1.0 
1.0 
1.0 
1.0 
1.0 
1.0 
1.0 
1.0 
1.0 
1.0 
1.0 
1.0 
1.0 
1.0 
1.0 
1.0 
1.0 
1.0 
1.0 
1.0 
1.0 
1.0 
1.0 
1.0 
1.0 
1.0 
1.0 
1.0 
1.0 
1.0 
1.0 
1.0 
1.0 
1.0 
1.0 
1.0 
1.0 
1.0 
1.0 
1.0 
1.0 
1.0 
1.0 
1.0 
1.0 
1.0 
1.0 
1.0 
1.0 
1.0 
1.0 
1.0 
1.0 
1.0 
1.0 
1.0 
1.0 
1.0 
1.0 
1.0 
1.0 
1.0 
1.0 
1.0 
1.0 
1.0 
1.0 
1.0 
1.0 
1.0 
1.0 
1.0 
1.0 
1.0 
1.0 
1.0 
1.0 
1.0 
1.0 
1.0 
1.0 
1.0 
1.0 
1.0 
1.0 
1.0 
1.0 
1.0 
1.0 
1.0 
1.0 
1.0 
1.0 
1.0 
1.0 
1.0 
1.0 
1.0 
1.0 
1.0 
1.0 
1.0 
1.0 
1.0 
1.0 
1.0 
1.0 
1.0 
1.0 
1.0 
1.0 
1.0 
1.0 
1.0 
1.0 
1.0 
1.0 
1.0 
1.0 
1.0 
1.0 
1.0 
1.0 
1.0 
1.0 
1.0 
1.0 
1.0 
1.0 
1.0 
1.0 
1.0 
1.0 
1.0 
1.0 
1.0 
1.0 
1.0 
1.0 
1.0 
1.0 
1.0 
1.0 
1.0 
1.0 
1.0 
1.0 
1.0 
1.0 
1.0 
1.0 
1.0 
1.0 
1.0 
1.0 
1.0 
1.0 
1.0 
1.0 
1.0 
1.0 
1.0 
1.0 
1.0 
1.0 
1.0 
1.0 
1.0 
1.0 
1.0 
1.0 
1.0 
1.0 
1.0 
1.0 
1.0 
1.0 
1.0 
1.0 
1.0 
1.0 
1.0 
1.0 
1.0 
1.0 
1.0 
1.0 
1.0 
1.0 
1.0 
1.0 
1.0 
1.0 
1.0 
1.0 
1.0 
1.0 
1.0 
1.0 
1.0 
1.0 
1.0 
1.0 
1.0 
1.0 
1.0 
1.0 
1.0 
1.0 
1.0 
1.0 
1.0 
1.0 
1.0 
1.0 
1.0 
1.0 
1.0 
1.0 
1.0 
1.0 
1.0 
1.0 
1.0 
1.0 
1.0 
1.0 
1.0 
1.0 
1.0 
1.0 
1.0 
1.0 
1.0 
1.0 
1.0 
1.0 
1.0 
1.0 
1.0 
1.0 
1.0 
1.0 
1.0 
1.0 
1.0 
1.0 
1.0 
1.0 
1.0 
1.0 
1.0 
1.0 
1.0 
1.0 
1.0 
1.0 
1.0 
1.0 
1.0 
1.0 
1.0 
1.0 
1.0 
1.0 
1.0 
1.0 
1.0 
1.0 
1.0 
1.0 
1.0 
1.0 
1.0 
1.0 
1.0 
1.0 
1.0 
1.0 
1.0 
1.0 
1.0 
1.0 
1.0 
1.0 
1.0 
1.0 
1.0 
1.0 
1.0 
1.0 
1.0 
1.0 
1.0 
1.0 
1.0 
1.0 
1.0 
1.0 
1.0 
1.0 
1.0 
1.0 
1.0 
1.0 
1.0 
1.0 
1.0 
1.0 
1.0 
1.0 
1.0 
1.0 
1.0 
1.0 
1.0 
1.0 
1.0 
1.0 
1.0 
1.0 
1.0 
1.0 
1.0 
1.0 
1.0 
1.0 
1.0 
1.0 
1.0 
1.0 
1.0 
1.0 
1.0 
1.0 
1.0 
1.0 
1.0 
1.0 
1.0 
1.0 
1.0 
1.0 
1.0 
1.0 
1.0 
1.0 
1.0 
1.0 
1.0 
1.0 
1.0 
1.0 
1.0 
1.0 
1.0 
1.0 
1.0 
1.0 
1.0 
1.0 
1.0 
1.0 
1.0 
1.0 
1.0 
1.0 
1.0 
1.0 
1.0 
1.0 
1.0 
1.0 
1.0 
1.0 
1.0 
1.0 
1.0 
1.0 
1.0 
1.0 
1.0 
1.0 
1.0 
1.0 
1.0 
1.0 
1.0 
1.0 
1.0 
1.0 
1.0 
1.0 
1.0 
1.0 
1.0 
1.0 
1.0 
1.0 
1.0 
1.0 
1.0 
1.0 
1.0 
1.0 
1.0 
1.0 
1.0 
1.0 
1.0 
1.0 
1.0 
1.0 
1.0 
1.0 
1.0 
1.0 
1.0 
1.0 
1.0 
1.0 
1.0 
1.0 
1.0 
1.0 
1.0 
1.0 
1.0 
1.0 
1.0 
1.0 
1.0 
1.0 
1.0 
1.0 
1.0 
1.0 
1.0 
1.0 
1.0 
1.0 
1.0 
1.0 
1.0 
1.0 
1.0 
1.0 
1.0 
1.0 
1.0 
1.0 
1.0 
1.0 
1.0 
1.0 
1.0 
1.0 
1.0 
1.0 
1.0 
1.0 
1.0 
1.0 
1.0 
1.0 
1.0 
1.0 
1.0 
1.0 
1.0 
1.0 
1.0 
1.0 
1.0 
1.0 
1.0 
1.0 
1.0 
1.0 
1.0 
1.0 
1.0 
1.0 
1.0 
1.0 
1.0 
1.0 
1.0 
1.0 
1.0 
1.0 
1.0 
1.0 
1.0 
1.0 
1.0 
1.0 
1.0 
1.0 
1.0 
1.0 
1.0 
1.0 
1.0 
1.0 
1.0 
1.0 
1.0 
1.0 
1.0 
1.0 
1.0 
1.0 
1.0 
1.0 
1.0 
1.0 
1.0 
1.0 
1.0 
1.0 
1.0 
1.0 
1.0 
1.0 
1.0 
1.0 
1.0 
1.0 
1.0 
1.0 
1.0 
1.0 
1.0 
1.0 
1.0 
1.0 
1.0 
1.0 
1.0 
1.0 
1.0 
1.0 
1.0 
1.0 
1.0 
1.0 
1.0 
1.0 
1.0 
1.0 
1.0 
1.0 
1.0 
1.0 
1.0 
1.0 
1.0 
1.0 
1.0 
1.0 
1.0 
1.0 
1.0 
1.0 
1.0 
1.0 
1.0 
1.0 
1.0 
1.0 
1.0 
1.0 
1.0 
1.0 
1.0 
1.0 
1.0 
1.0 
1.0 
1.0 
1.0 
1.0 
1.0 
1.0 
1.0 
1.0 
1.0 
1.0 
1.0 
1.0 
1.0 
1.0 
1.0 
1.0 
1.0 
1.0 
1.0 
1.0 
1.0 
1.0 
1.0 
1.0 
1.0 
1.0 
1.0 
1.0 
1.0 
1.0 
1.0 
1.0 
1.0 
1.0 
1.0 
1.0 
1.0 
1.0 
1.0 
1.0 
1.0 
1.0 
1.0 
1.0 
1.0 
1.0 
1.0 
1.0 
1.0 
1.0 
1.0 
1.0 
1.0 
1.0 
1.0 
1.0 
1.0 
1.0 
1.0 
1.0 
1.0 
1.0 
1.0 
1.0 
1.0 
1.0 
1.0 
1.0 
1.0 
1.0 
1.0 
1.0 
1.0 
1.0 
1.0 
1.0 
1.0 
1.0 
1.0 
1.0 
1.0 
1.0 
1.0 
1.0 
1.0 
1.0 
1.0 
1.0 
1.0 
1.0 
1.0 
1.0 
1.0 
1.0 
1.0 
1.0 
1.0 
1.0 
1.0 
1.0 
1.0 
1.0 
1.0 
1.0 
1.0 
1.0 
1.0 
1.0 
1.0 
1.0 
1.0 
1.0 
1.0 
1.0 
1.0 
1.0 
1.0 
1.0 
1.0 
1.0 
1.0 
1.0 
1.0 
1.0 
1.0 
1.0 
1.0 
1.0 
1.0 
1.0 
1.0 
1.0 
1.0 
1.0 
1.0 
1.0 
1.0 
1.0 
1.0 
1.0 
1.0 
1.0 
1.0 
1.0 
1.0 
1.0 
1.0 
1.0 
1.0 
1.0 
1.0 
1.0 
1.0 
1.0 
1.0 
1.0 
1.0 
1.0 
1.0 
1.0 
1.0 
1.0 
1.0 
1.0 
1.0 
1.0 
1.0 
1.0 
1.0 
1.0 
1.0 
1.0 
1.0 
1.0 
1.0 
1.0 
1.0 
1.0 
1.0 
1.0 
1.0 
1.0 
1.0 
1.0 
1.0 
1.0 
1.0 
1.0 
1.0 
1.0 
1.0 
1.0 
1.0 
1.0 
1.0 
1.0 
1.0 
1.0 
1.0 
1.0 
1.0 
1.0 
1.0 
1.0 
1.0 
1.0 
1.0 
1.0 
1.0 
1.0 
1.0 
1.0 
1.0 
1.0 
1.0 
1.0 
1.0 
1.0 
1.0 
1.0 
1.0 
1.0 
1.0 
1.0 
1.0 
1.0 
1.0 
1.0 
1.0 
1.0 
1.0 
1.0 
1.0 
1.0 
1.0 
1.0 
1.0 
1.0 
1.0 
1.0 
1.0 
1.0 
1.0 
1.0 
1.0 
1.0 
1.0 
1.0 
1.0 
1.0 
1.0 
1.0 
1.0 
1.0 
1.0 
1.0 
1.0 
1.0 
1.0 
1.0 
1.0 
1.0 
1.0 
1.0 
1.0 
1.0 
1.0 
1.0 
1.0 
1.0 
1.0 
1.0 
1.0 
1.0 
1.0 
1.0 
1.0 
1.0 
1.0 
1.0 
1.0 
1.0 
1.0 
1.0 
1.0 
1.0 
1.0 
1.0 
1.0 
1.0 
1.0 
1.0 
1.0 
1.0 
1.0 
1.0 
1.0 
1.0 
1.0 
1.0 
1.0 
1.0 
1.0 
1.0 
1.0 
1.0 
1.0 
1.0 
1.0 
1.0 
1.0 
1.0 
1.0 
1.0 
1.0 
1.0 
1.0 
1.0 
1.0 
1.0 
1.0 
1.0 
1.0 
1.0 
1.0 
1.0 
1.0 
1.0 
1.0 
1.0 
1.0 
1.0 
1.0 
1.0 
1.0 
1.0 
1.0 
1.0 
1.0 
1.0 
1.0 
1.0 
1.0 
1.0 
1.0 
1.0 
1.0 
1.0 
1.0 
1.0 
1.0 
1.0 
1.0 
1.0 
1.0 
1.0 
1.0 
1.0 
1.0 
1.0 
1.0 
1.0 
1.0 
1.0 
1.0 
1.0 
1.0 
1.0 
1.0 
1.0 
1.0 
1.0 
1.0 
1.0 
1.0 
1.0 
1.0 
1.0 
1.0 
1.0 
1.0 
1.0 
1.0 
1.0 
1.0 
1.0 
1.0 
1.0 
1.0 
1.0 
1.0 
1.0 
1.0 
1.0 
1.0 
1.0 
1.0 
1.0 
1.0 
1.0 
1.0 
1.0 
1.0 
1.0 
1.0 
1.0 
1.0 
1.0 
1.0 
1.0 
1.0 
1.0 
1.0 
1.0 
1.0 
1.0 
1.0 
1.0 
1.0 
1.0 
1.0 
1.0 
1.0 
1.0 
1.0 
1.0 
1.0 
1.0 
1.0 
1.0 
1.0 
1.0 
1.0 
1.0 
1.0 
1.0 
1.0 
1.0 
1.0 
1.0 
1.0 
1.0 
1.0 
1.0 
1.0 
1.0 
1.0 
1.0 
1.0 
1.0 
1.0 
1.0 
1.0 
1.0 
1.0 
1.0 
1.0 
1.0 
1.0 
1.0 
1.0 
1.0 
1.0 
1.0 
1.0 
1.0 
1.0 
1.0 
1.0 
1.0 
1.0 
1.0 
1.0 
1.0 
1.0 
1.0 
1.0 
1.0 
1.0 
1.0 
1.0 
1.0 
1.0 
1.0 
1.0 
1.0 
1.0 
1.0 
1.0 
1.0 
1.0 
1.0 
1.0 
1.0 
1.0 
1.0 
1.0 
1.0 
1.0 
1.0 
1.0 
1.0 
1.0 
1.0 
1.0 
1.0 
1.0 
1.0 
1.0 
1.0 
1.0 
1.0 
1.0 
1.0 
1.0 
1.0 
1.0 
1.0 
1.0 
1.0 
1.0 
1.0 
1.0 
1.0 
1.0 
1.0 
1.0 
1.0 
1.0 
1.0 
1.0 
1.0 
1.0 
1.0 
1.0 
1.0 
1.0 
1.0 
1.0 
1.0 
1.0 
1.0 
1.0 
1.0 
1.0 
1.0 
1.0 
1.0 
1.0 
1.0 
1.0 
1.0 
1.0 
1.0 
1.0 
1.0 
1.0 
1.0 
1.0 
1.0 
1.0 
1.0 
1.0 
1.0 
1.0 
1.0 
1.0 
1.0 
1.0 
1.0 
1.0 
1.0 
1.0 
1.0 
1.0 
1.0 
1.0 
1.0 
1.0 
1.0 
1.0 
1.0 
1.0 
1.0 
1.0 
1.0 
1.0 
1.0 
1.0 
1.0 
1.0 
1.0 
1.0 
1.0 
1.0 
1.0 
1.0 
1.0 
1.0 
1.0 
1.0 
1.0 
1.0 
1.0 
1.0 
1.0 
1.0 
1.0 
1.0 
1.0 
1.0 
1.0 
1.0 
1.0 
1.0 
1.0 
1.0 
1.0 
1.0 
1.0 
1.0 
1.0 
1.0 
1.0 
1.0 
1.0 
1.0 
1.0 
1.0 
1.0 
1.0 
1.0 
1.0 
1.0 
1.0 
1.0 
1.0 
1.0 
1.0 
1.0 
1.0 
1.0 
1.0 
1.0 
1.0 
1.0 
1.0 
1.0 
1.0 
1.0 
1.0 
1.0 
1.0 
1.0 
1.0 
1.0 
1.0 
1.0 
1.0 
1.0 
1.0 
1.0 
1.0 
1.0 
1.0 
1.0 
1.0 
1.0 
1.0 
1.0 
1.0 
1.0 
1.0 
1.0 
1.0 
1.0 
1.0 
1.0 
1.0 
1.0 
1.0 
1.0 
1.0 
1.0 
1.0 
1.0 
1.0 
1.0 
1.0 
1.0 
1.0 
1.0 
1.0 
1.0 
1.0 
1.0 
1.0 
1.0 
1.0 
1.0 
1.0 
1.0 
1.0 
1.0 
1.0 
1.0 
1.0 
1.0 
1.0 
1.0 
1.0 
1.0 
1.0 
1.0 
1.0 
1.0 
1.0 
1.0 
1.0 
1.0 
1.0 
1.0 
1.0 
1.0 
1.0 
1.0 
1.0 
1.0 
1.0 
1.0 
1.0 
1.0 
1.0 
1.0 
1.0 
1.0 
1.0 
1.0 
1.0 
1.0 
1.0 
1.0 
1.0 
1.0 
1.0 
1.0 
1.0 
1.0 
1.0 
1.0 
1.0 
1.0 
1.0 
1.0 
1.0 
1.0 
1.0 
1.0 
1.0 
1.0 
1.0 
1.0 
1.0 
1.0 
1.0 
1.0 
1.0 
1.0 
1.0 
1.0 
1.0 
1.0 
1.0 
1.0 
1.0 
1.0 
1.0 
1.0 
1.0 
1.0 
1.0 
1.0 
1.0 
1.0 
1.0 
1.0 
1.0 
1.0 
1.0 
1.0 
1.0 
1.0 
1.0 
1.0 
1.0 
1.0 
1.0 
1.0 
1.0 
1.0 
1.0 
1.0 
1.0 
1.0 
1.0 
1.0 
1.0 
1.0 
1.0 
1.0 
1.0 
1.0 
1.0 
1.0 
1.0 
1.0 
1.0 
1.0 
1.0 
1.0 
1.0 
1.0 
1.0 
1.0 
1.0 
1.0 
1.0 
1.0 
1.0 
1.0 
1.0 
1.0 
1.0 
1.0 
1.0 
1.0 
1.0 
1.0 
1.0 
1.0 
1.0 
1.0 
1.0 
1.0 
1.0 
1.0 
1.0 
1.0 
1.0 
1.0 
1.0 
1.0 
1.0 
1.0 
1.0 
1.0 
1.0 
1.0 
1.0 
1.0 
1.0 
1.0 
1.0 
1.0 
1.0 
1.0 
1.0 
1.0 
1.0 
1.0 
1.0 
1.0 
1.0 
1.0 
1.0 
1.0 
1.0 
1.0 
1.0 
1.0 
1.0 
1.0 
1.0 
1.0 
1.0 
1.0 
1.0 
1.0 
1.0 
1.0 
1.0 
1.0 
1.0 
1.0 
1.0 
1.0 
1.0 
1.0 
1.0 
1.0 
1.0 
1.0 
1.0 
1.0 
1.0 
1.0 
1.0 
1.0 
1.0 
1.0 
1.0 
1.0 
1.0 
1.0 
1.0 
1.0 
1.0 
1.0 
1.0 
1.0 
1.0 
1.0 
1.0 
1.0 
1.0 
1.0 
1.0 
1.0 
1.0 
1.0 
1.0 
1.0 
1.0 
1.0 
1.0 
1.0 
1.0 
1.0 
1.0 
1.0 
1.0 
1.0 
1.0 
1.0 
1.0 
1.0 
1.0 
1.0 
1.0 
1.0 
1.0 
1.0 
1.0 
1.0 
1.0 
1.0 
1.0 
1.0 
1.0 
1.0 
1.0 
1.0 
1.0 
1.0 
1.0 
1.0 
1.0 
1.0 
1.0 
1.0 
1.0 
1.0 
1.0 
1.0 
1.0 
1.0 
1.0 
1.0 
1.0 
1.0 
1.0 
1.0 
1.0 
1.0 
1.0 
1.0 
1.0 
1.0 
1.0 
1.0 
1.0 
1.0 
1.0 
1.0 
1.0 
1.0 
1.0 
1.0 
1.0 
1.0 
1.0 
1.0 
1.0 
1.0 
1.0 
1.0 
1.0 
1.0 
1.0 
1.0 
1.0 
1.0 
1.0 
1.0 
1.0 
1.0 
1.0 
1.0 
1.0 
1.0 
1.0 
1.0 
1.0 
1.0 
1.0 
1.0 
1.0 
1.0 
1.0 
1.0 
1.0 
1.0 
1.0 
1.0 
1.0 
1.0 
1.0 
1.0 
1.0 
1.0 
1.0 
1.0 
1.0 
1.0 
1.0 
1.0 
1.0 
1.0 
1.0 
1.0 
1.0 
1.0 
1.0 
1.0 
1.0 
1.0 
1.0 
1.0 
1.0 
1.0 
1.0 
1.0 
1.0 
1.0 
1.0 
1.0 
1.0 
1.0 
1.0 
1.0 
1.0 
1.0 
1.0 
1.0 
1.0 
1.0 
1.0 
1.0 
1.0 
1.0 
1.0 
1.0 
1.0 
1.0 
1.0 
1.0 
1.0 
1.0 
1.0 
1.0 
1.0 
1.0 
1.0 
1.0 
1.0 
1.0 
1.0 
1.0 
1.0 
1.0 
1.0 
1.0 
1.0 
1.0 
1.0 
1.0 
1.0 
1.0 
1.0 
1.0 
1.0 
1.0 
1.0 
1.0 
1.0 
1.0 
1.0 
1.0 
1.0 
1.0 
1.0 
1.0 
1.0 
1.0 
1.0 
1.0 
1.0 
1.0 
1.0 
1.0 
1.0 
1.0 
1.0 
1.0 
1.0 
1.0 
1.0 
1.0 
1.0 
1.0 
1.0 
1.0 
1.0 
1.0 
1.0 
1.0 
1.0 
1.0 
1.0 
1.0 
1.0 
1.0 
1.0 
1.0 
1.0 
1.0 
1.0 
1.0 
1.0 
1.0 
1.0 
1.0 
1.0 
1.0 
1.0 
1.0 
1.0 
1.0 
1.0 
1.0 
1.0 
1.0 
0.884213327002 0.115786672998 
1.0 
1.0 
1.0 
1.0 
1.0 
1.0 
1.0 
1.0 
1.0 
1.0 
1.0 
1.0 
1.0 
1.0 
1.0 
1.0 
1.0 
1.0 
1.0 
1.0 
1.0 
1.0 
1.0 
1.0 
1.0 
1.0 
1.0 
1.0 
1.0 
1.0 
1.0 
1.0 
1.0 
1.0 
1.0 
1.0 
1.0 
1.0 
1.0 
1.0 
1.0 
1.0 
1.0 
1.0 
0.968567988345 0.0314320116549 
1.0 
1.0 
1.0 
1.0 
1.0 
1.0 
1.0 
1.0 
1.0 
1.0 
1.0 
1.0 
1.0 
0.775539904219 0.224460095781 
0.335925518113 0.664074481887 
0.980390054847 0.0196099451533 
1.0 
1.0 
1.0 
1.0 
1.0 
1.0 
1.0 
1.0 
1.0 
1.0 
1.0 
1.0 
1.0 
1.0 
1.0 
1.0 
1.0 
1.0 
1.0 
1.0 
0.793929546457 0.206070453543 
1.0 
1.0 
0.00817805909657 0.991821940903 
1.0 
1.0 
1.0 
1.0 
1.0 
1.0 
1.0 
1.0 
1.0 
1.0 
1.0 
1.0 
1.0 
1.0 
1.0 
1.0 
1.0 
0.725583530654 0.274416469346 
0.992138820545 0.00786117945539 
1.0 
1.0 
1.0 
1.0 
1.0 
1.0 
1.0 
1.0 
1.0 
1.0 
0.992156806875 0.00784319312546 
1.0 
0.35237691542 0.511760804095 0.135862280485 
1.0 
1.0 
1.0 
1.0 
1.0 
1.0 
1.0 
1.0 
1.0 
1.0 
1.0 
1.0 
1.0 
1.0 
1.0 
1.0 
1.0 
1.0 
1.0 
1.0 
1.0 
1.0 
1.0 
1.0 
1.0 
1.0 
1.0 
1.0 
1.0 
1.0 
1.0 
1.0 
0.945095114834 0.0549048851655 
1.0 
1.0 
1.0 
1.0 
1.0 
1.0 
1.0 
1.0 
1.0 
1.0 
1.0 
1.0 
1.0 
1.0 
1.0 
1.0 
1.0 
1.0 
1.0 
1.0 
1.0 
1.0 
1.0 
1.0 
0.901957379517 0.0980426204832 
1.0 
1.0 
1.0 
1.0 
0.921565024708 0.0784349752917 
1.0 
1.0 
0.917645769465 0.0823542305352 
1.0 
1.0 
1.0 
1.0 
1.0 
0.527044314866 0.472955685134 
0.850974731823 0.149025268177 
0.315928463455 0.684071536545 
0.843135230858 0.156864769142 
1.0 
1.0 
1.0 
1.0 
1.0 
1.0 
1.0 
1.0 
1.0 
1.0 
1.0 
1.0 
0.0901841518634 0.909815848137 
0.172730059319 0.827269940681 
1.0 
0.196073206229 0.803926793771 
1.0 
1.0 
1.0 
1.0 
1.0 
1.0 
1.0 
1.0 
1.0 
1.0 
1.0 
1.0 
1.0 
1.0 
1.0 
1.0 
1.0 
1.0 
1.0 
1.0 
1.0 
1.0 
1.0 
1.0 
1.0 
1.0 
1.0 
1.0 
1.0 
1.0 
1.0 
1.0 
1.0 
1.0 
1.0 
1.0 
1.0 
1.0 
1.0 
1.0 
1.0 
1.0 
1.0 
1.0 
1.0 
1.0 
1.0 
1.0 
1.0 
1.0 
1.0 
1.0 
1.0 
1.0 
1.0 
1.0 
1.0 
1.0 
1.0 
1.0 
1.0 
1.0 
1.0 
1.0 
1.0 
1.0 
1.0 
1.0 
1.0 
1.0 
1.0 
1.0 
1.0 
1.0 
1.0 
1.0 
1.0 
1.0 
1.0 
1.0 
1.0 
1.0 
1.0 
1.0 
1.0 
1.0 
1.0 
1.0 
1.0 
1.0 
1.0 
1.0 
1.0 
1.0 
1.0 
1.0 
1.0 
1.0 
1.0 
1.0 
1.0 
1.0 
1.0 
1.0 
1.0 
1.0 
1.0 
1.0 
1.0 
1.0 
1.0 
1.0 
1.0 
1.0 
1.0 
1.0 
1.0 
1.0 
1.0 
1.0 
1.0 
1.0 
1.0 
1.0 
1.0 
1.0 
1.0 
1.0 
1.0 
1.0 
1.0 
1.0 
1.0 
1.0 
1.0 
1.0 
1.0 
1.0 
1.0 
1.0 
1.0 
1.0 
1.0 
1.0 
1.0 
1.0 
1.0 
1.0 
1.0 
1.0 
1.0 
1.0 
1.0 
1.0 
1.0 
1.0 
1.0 
1.0 
1.0 
1.0 
1.0 
1.0 
1.0 
1.0 
1.0 
1.0 
1.0 
1.0 
1.0 
1.0 
1.0 
1.0 
1.0 
1.0 
1.0 
1.0 
1.0 
0.420180871293 0.382926669127 0.19689245958 
0.424619018136 0.386369908761 0.189011073102 
0.31022850971 0.283223084277 0.259535647771 0.147012758242 
0.524067717857 0.475932282143 
1.0 
1.0 
1.0 
1.0 
1.0 
0.386910328382 0.356097106828 0.25699256479 
0.381129989672 0.365489113795 0.253380896534 
0.375403743539 0.372863385709 0.251732870752 
0.372820914338 0.372999826049 0.254179259614 
0.374104100203 0.364708222725 0.261187677072 
0.376481420179 0.352342738016 0.271175841806 
0.376338359508 0.342495349639 0.281166290853 
0.372167003949 0.338579937633 0.289253058418 
1.0 
0.312738917841 0.285213238769 0.259069372193 0.142978471196 
0.624708227575 0.375291772425 
0.61531856666 0.36959010539 0.0150913279504 
0.624358521973 0.375641478027 
0.624698172678 0.375301827322 
0.624525549253 0.375474450747 
0.483161949281 0.290832919142 0.226005131577 
0.48455585078 0.291916784183 0.223527365037 
0.485459050411 0.292869412009 0.22167153758 
0.486084404226 0.293517886037 0.220397709738 
0.486157978506 0.293959240534 0.219882780959 
0.48580217508 0.294121672963 0.220076151958 
0.485047129161 0.2939914131 0.220961457739 
0.48383340925 0.293611323501 0.222555267249 
0.482489299132 0.29286034876 0.224650352108 
0.480858390727 0.291885369943 0.227256239331 
0.479347693511 0.290628762785 0.230023543704 
0.477944379529 0.289296072441 0.23275954803 
1.0 
1.0 
0.962959191352 0.0164901886557 0.0119904118146 0.00856020817763 
0.961935135856 0.0169465770495 0.0123216150258 0.00879667206916 
0.962771462698 0.0165736767437 0.0120513652851 0.00860349527278 
0.95989592263 0.0178553266074 0.0129813250163 0.00926742574622 
0.957208022194 0.019053282587 0.0138509269595 0.00988776825926 
0.954262000168 0.0203664971905 0.0148040310805 0.0105674715606 
0.951399271165 0.0216428179282 0.0157301833693 0.0112277275372 
0.948886625843 0.0227632419562 0.0165430975673 0.0118070346338 
0.946924472296 0.0236382869761 0.0171779742938 0.0122592664345 
0.945642240494 0.0242100994715 0.0175929660484 0.0125546939864 
0.945123433583 0.0244413422934 0.0177610611432 0.0126741629804 
0.945398060651 0.0243186078574 0.0176725250888 0.0126108064023 
0.946445744509 0.0238510452517 0.0173338981722 0.0123693120667 
0.948210265198 0.0230638590664 0.0167633014345 0.011962574301 
0.950567983175 0.0220123451093 0.0160006723647 0.0114189993515 
0.953349525231 0.0207721678351 0.0151007632165 0.0107775437174 
0.956305245941 0.0194546934965 0.0141443360669 0.0100957244955 
0.95911574635 0.0182022636618 0.0132347622921 0.00944722769577 
0.961396209946 0.0171862550002 0.0124966158705 0.00892091918285 
1.0 
1.0 
1.0 
1.0 
1.0 
1.0 
1.0 
1.0 
1.0 
1.0 
1.0 
1.0 
1.0 
1.0 
1.0 
1.0 
1.0 
1.0 
1.0 
1.0 
1.0 
1.0 
1.0 
1.0 
1.0 
1.0 
1.0 
1.0 
1.0 
1.0 
1.0 
1.0 
1.0 
1.0 
1.0 
1.0 
1.0 
1.0 
1.0 
1.0 
1.0 
1.0 
1.0 
1.0 
1.0 
1.0 
1.0 
1.0 
1.0 
1.0 
1.0 
1.0 
1.0 
1.0 
1.0 
1.0 
1.0 
1.0 
0.422101239134 0.384355112368 0.193543648498 
1.0 
0.257323995354 0.295051833907 0.300532756915 0.147091413824 
0.419040465943 0.382320802251 0.198638731806 
1.0 
1.0 
1.0 
0.523808957224 0.476191042776 
1.0 
1.0 
1.0 
1.0 
1.0 
1.0 
1.0 
1.0 
1.0 
1.0 
1.0 
0.3780423583 0.369800377765 0.252157263935 
1.0 
0.384240097575 0.360672314606 0.255087587818 
0.373593660441 0.374043040155 0.252363299405 
1.0 
1.0 
0.375391913936 0.358627272039 0.265980814025 
0.32501454017 0.392970819667 0.282014640163 
0.373096668713 0.369739255068 0.257164076219 
0.33350246044 0.359932117811 0.306565421749 
0.374424517744 0.340295316666 0.285280165591 
1.0 
0.376941856857 0.346699422265 0.276358720878 
1.0 
1.0 
0.264120588678 0.296646830332 0.296322176832 0.142910404157 
0.311029153131 0.283876139623 0.259574803541 0.145519903704 
1.0 
0.463767627853 0.350620443534 0.185611928613 
0.624764261021 0.375235738979 
0.467140029803 0.352864426541 0.179995543657 
0.462825185346 0.350319028251 0.186855786404 
0.523640951439 0.314776503159 0.161582545401 
0.569955851474 0.430044148526 
0.624638943657 0.375361056343 
1.0 
0.624734975936 0.375265024064 
1.0 
0.483907808725 0.291390346398 0.224701844877 
0.429030456931 0.322633858273 0.248335684797 
0.482423368472 0.290213848095 0.227362783432 
0.485062265277 0.292418355195 0.222519379528 
0.430811413078 0.323771968056 0.245416618865 
0.432042653421 0.324516155342 0.243441191237 
0.486195424527 0.293763134862 0.220041440611 
0.432505086215 0.324936053739 0.242558860046 
0.485826358574 0.293224843224 0.220948798202 
0.431395002376 0.326386273587 0.242218724037 
0.485491200918 0.294084643981 0.220424155101 
0.429225329946 0.328099580674 0.242675089379 
0.486031099835 0.294076778736 0.219892121429 
0.484479518521 0.293839588487 0.221680892992 
0.427489762224 0.327696967695 0.244813270081 
0.426616921915 0.324799049353 0.248584028732 
0.481694415492 0.292401219984 0.225904364524 
0.425120427311 0.321681283509 0.25319828918 
0.483194099012 0.293271112235 0.223534788753 
0.422405829574 0.319908201257 0.257685969168 
0.478633275773 0.289956226341 0.231410497886 
0.419658854451 0.318019234823 0.262321910726 
0.47631702583 0.288992844076 0.226833691226 0.00785643886775 
1.0 
1.0 
0.357325991083 0.27062437839 0.231404922261 0.140644708265 
0.476334064262 0.286781190199 0.236884745539 
1.0 
0.611739239825 0.219201423165 0.16905933701 
0.962590271169 0.016654621947 0.0121097017413 0.00864540514308 
0.611367980943 0.219914307246 0.168717711811 
0.611108621429 0.219360512306 0.169530866265 
0.963021702376 0.016462265516 0.0119702822155 0.00854574989224 
0.610377966775 0.22121805063 0.168403982595 
0.958608530248 0.0184290757375 0.0133978277027 0.00956456631163 
0.608846302442 0.222964076765 0.168189620792 
0.961021810205 0.0173535828297 0.012617079197 0.00900752776814 
0.606966441528 0.224933454399 0.168100104074 
0.952802782074 0.0210170468066 0.0152761178991 0.0109040532208 
0.605188719095 0.226778755952 0.168032524953 
0.955744296668 0.0197057208153 0.0143244764408 0.0102255060759 
0.950084396403 0.0222291189208 0.016155578346 0.0115309063297 
0.538056280827 0.203761909943 0.149933810589 0.108247998642 
0.537117368408 0.205010178097 0.150123392118 0.107749061377 
0.946193034312 0.023964482566 0.0174146799504 0.0124278031712 
0.53625075541 0.205880668254 0.150405544556 0.10746303178 
0.94782756576 0.0232355356546 0.0168857558617 0.012051142724 
0.535666240244 0.206253158615 0.15071298527 0.107367615871 
0.945162819785 0.0244236619864 0.0177484697978 0.0126650484305 
0.535408523701 0.206100204847 0.151023886983 0.107467384469 
0.945283853717 0.0243698811541 0.0177090267627 0.0126372383657 
0.945827894531 0.0241267528392 0.0175336281049 0.0125117245248 
0.535363585308 0.205483760137 0.151359078482 0.107793576073 
0.535865496715 0.204305809391 0.151577815222 0.108250878672 
0.949325264963 0.0225665445129 0.0164026651258 0.0117055253987 
0.536566767564 0.202780720243 0.151758038568 0.108894473624 
0.94724439 0.0234947241263 0.0170756623461 0.0121852235277 
0.603947339771 0.225624559667 0.170428100562 
0.954824441331 0.0201146990566 0.0146235216472 0.0104373379652 
1.0 
0.951919919729 0.0214095271465 0.0155633031966 0.0111072499275 
0.957752298009 0.0188098135404 0.0136760371997 0.0097618512505 
1.0 
0.541921291667 0.195627697859 0.150945325583 0.111505684891 
0.962219079806 0.0168197033738 0.0122302260812 0.00873099073945 
0.9603455892 0.0176543090513 0.0128366985791 0.00916340316977 
1.0 
1.0 
1.0 
1.0 
1.0 
1.0 
1.0 
1.0 
1.0 
1.0 
1.0 
1.0 
1.0 
1.0 
1.0 
1.0 
1.0 
1.0 
1.0 
1.0 
1.0 
1.0 
1.0 
1.0 
1.0 
1.0 
1.0 
1.0 
1.0 
1.0 
1.0 
1.0 
1.0 
1.0 
1.0 
1.0 
1.0 
1.0 
1.0 
1.0 
1.0 
1.0 
1.0 
1.0 
1.0 
1.0 
1.0 
1.0 
1.0 
1.0 
1.0 
1.0 
1.0 
1.0 
1.0 
1.0 
1.0 
1.0 
1.0 
1.0 
1.0 
1.0 
1.0 
1.0 
1.0 
1.0 
1.0 
1.0 
1.0 
1.0 
1.0 
1.0 
1.0 
1.0 
1.0 
1.0 
1.0 
1.0 
1.0 
1.0 
1.0 
1.0 
1.0 
1.0 
1.0 
1.0 
1.0 
1.0 
1.0 
1.0 
1.0 
1.0 
1.0 
1.0 
1.0 
1.0 
1.0 
1.0 
1.0 
1.0 
1.0 
1.0 
1.0 
1.0 
1.0 
1.0 
1.0 
1.0 
1.0 
1.0 
1.0 
1.0 
1.0 
1.0 
1.0 
1.0 
1.0 
1.0 
1.0 
1.0 
1.0 
1.0 
1.0 
1.0 
1.0 
1.0 
1.0 
1.0 
1.0 
1.0 
1.0 
1.0 
1.0 
1.0 
1.0 
1.0 
1.0 
1.0 
1.0 
1.0 
1.0 
1.0 
1.0 
1.0 
1.0 
1.0 
1.0 
1.0 
1.0 
1.0 
1.0 
1.0 
1.0 
1.0 
1.0 
1.0 
1.0 
1.0 
1.0 
1.0 
1.0 
1.0 
1.0 
1.0 
1.0 
1.0 
1.0 
1.0 
1.0 
1.0 
1.0 
1.0 
1.0 
1.0 
1.0 
1.0 
1.0 
1.0 
1.0 
1.0 
1.0 
1.0 
1.0 
1.0 
1.0 
1.0 
1.0 
1.0 
1.0 
1.0 
1.0 
1.0 
1.0 
1.0 
1.0 
1.0 
1.0 
1.0 
1.0 
1.0 
1.0 
1.0 
1.0 
1.0 
1.0 
1.0 
1.0 
1.0 
1.0 
1.0 
1.0 
1.0 
1.0 
1.0 
1.0 
1.0 
1.0 
1.0 
1.0 
1.0 
1.0 
1.0 
1.0 
1.0 
1.0 
1.0 
1.0 
1.0 
1.0 
1.0 
1.0 
1.0 
1.0 
1.0 
1.0 
1.0 
1.0 
1.0 
1.0 
1.0 
1.0 
1.0 
1.0 
1.0 
1.0 
1.0 
1.0 
1.0 
1.0 
1.0 
1.0 
1.0 
1.0 
1.0 
1.0 
1.0 
1.0 
1.0 
1.0 
1.0 
1.0 
1.0 
1.0 
1.0 
1.0 
1.0 
1.0 
1.0 
1.0 
1.0 
1.0 
1.0 
1.0 
1.0 
1.0 
1.0 
1.0 
1.0 
1.0 
1.0 
1.0 
1.0 
1.0 
1.0 
1.0 
1.0 
1.0 
1.0 
1.0 
1.0 
1.0 
1.0 
1.0 
1.0 
1.0 
1.0 
1.0 
1.0 
1.0 
1.0 
1.0 
1.0 
1.0 
1.0 
1.0 
0.257743377401 0.294072241755 0.300718274315 0.14746610653 
1.0 
1.0 
1.0 
1.0 
1.0 
1.0 
1.0 
1.0 
0.334400811798 0.406372528382 0.259226659821 
1.0 
1.0 
1.0 
1.0 
0.32995889745 0.375798584805 0.294242517744 
1.0 
0.259655543344 0.296053884155 0.298790206694 0.145500365807 
0.269808003639 0.296567303528 0.294057109203 0.13956758363 
0.46520894783 0.351545261508 0.183245790662 
0.46293180727 0.350195457704 0.186872735026 
0.570105370581 0.429894629419 
0.569812993002 0.430187006998 
1.0 
1.0 
0.430002462463 0.323246452792 0.246751084745 
0.432374570621 0.324764922986 0.242860506392 
0.431511706542 0.324188510369 0.244299783089 
0.430335430962 0.327391293191 0.242273275846 
0.432212334904 0.32542726845 0.242360396646 
0.428239368791 0.328246863305 0.243513767904 
0.426063801306 0.323057032262 0.250879166432 
0.427013201698 0.326467148647 0.246519649655 
0.421021994015 0.318964799909 0.260013206075 
0.42378486996 0.320813126991 0.255402003048 
1.0 
0.463542031332 0.350971738357 0.185486230311 
1.0 
0.611673835033 0.219455425632 0.168870739335 
0.611530090155 0.219178969759 0.169290940086 
0.60968629772 0.222039529671 0.168274172609 
0.610945878371 0.220500976186 0.168553145442 
0.606085300533 0.225866028767 0.1680486707 
0.607919628165 0.223944128285 0.168136243549 
0.5386798087 0.202961657198 0.149828041563 0.108530492539 
0.536677122394 0.205494450572 0.150251804872 0.107576622162 
0.537565032911 0.204435399445 0.150021825894 0.10797774175 
0.535518973484 0.206232685544 0.150861310621 0.10738703035 
0.535918581441 0.206132158398 0.150557866269 0.107391393892 
0.535340920586 0.205855705282 0.151196202473 0.107607171658 
0.53618447534 0.203583417872 0.151677937218 0.10855416957 
0.535574270235 0.204949813989 0.151475705468 0.108000210308 
0.60496199326 0.224603083642 0.170434923098 
0.537120336113 0.201868940449 0.151775060498 0.10923566294 
1.0 
0.542406361217 0.195139788612 0.150757377464 0.111696472707 
1.0 
1.0 
1.0 
1.0 
1.0 
1.0 
1.0 
1.0 
1.0 
1.0 
1.0 
1.0 
1.0 
1.0 
1.0 
1.0 
1.0 
1.0 
1.0 
1.0 
1.0 
1.0 
1.0 
1.0 
1.0 
1.0 
1.0 
1.0 
1.0 
1.0 
1.0 
1.0 
1.0 
1.0 
1.0 
1.0 
1.0 
1.0 
1.0 
1.0 
1.0 
1.0 
1.0 
1.0 
1.0 
1.0 
1.0 
1.0 
1.0 
1.0 
1.0 
1.0 
1.0 
1.0 
1.0 
1.0 
1.0 
1.0 
1.0 
1.0 
1.0 
1.0 
1.0 
1.0 
1.0 
1.0 
1.0 
1.0 
1.0 
1.0 
1.0 
1.0 
1.0 
1.0 
1.0 
1.0 
1.0 
1.0 
1.0 
1.0 
1.0 
1.0 
1.0 
1.0 
1.0 
1.0 
1.0 
1.0 
1.0 
1.0 
1.0 
1.0 
1.0 
1.0 
1.0 
1.0 
1.0 
1.0 
1.0 
1.0 
1.0 
1.0 
1.0 
1.0 
1.0 
1.0 
1.0 
1.0 
1.0 
1.0 
1.0 
1.0 
1.0 
1.0 
1.0 
1.0 
1.0 
1.0 
1.0 
1.0 
1.0 
1.0 
1.0 
1.0 
1.0 
1.0 
1.0 
1.0 
1.0 
1.0 
1.0 
1.0 
1.0 
1.0 
1.0 
1.0 
1.0 
1.0 
1.0 
1.0 
1.0 
1.0 
1.0 
1.0 
1.0 
1.0 
1.0 
1.0 
1.0 
1.0 
1.0 
1.0 
1.0 
1.0 
1.0 
1.0 
1.0 
1.0 
1.0 
1.0 
1.0 
1.0 
1.0 
1.0 
1.0 
1.0 
1.0 
1.0 
1.0 
1.0 
1.0 
1.0 
1.0 
1.0 
1.0 
1.0 
1.0 
1.0 
1.0 
1.0 
1.0 
1.0 
1.0 
1.0 
1.0 
1.0 
1.0 
1.0 
1.0 
1.0 
1.0 
1.0 
1.0 
1.0 
1.0 
1.0 
1.0 
1.0 
1.0 
1.0 
1.0 
1.0 
1.0 
1.0 
1.0 
1.0 
1.0 
1.0 
1.0 
1.0 
1.0 
1.0 
1.0 
1.0 
1.0 
1.0 
1.0 
1.0 
1.0 
1.0 
1.0 
1.0 
1.0 
1.0 
1.0 
1.0 
1.0 
1.0 
1.0 
1.0 
1.0 
1.0 
1.0 
1.0 
0.287365602805 0.28905886118 0.276794898216 0.146780637799 
0.421063912761 0.38353941922 0.195396668019 
1.0 
0.423292400443 0.385308957964 0.191398641593 
1.0 
1.0 
0.259014133162 0.293688744231 0.300076694257 0.147220428351 
1.0 
0.257173933811 0.294536649274 0.30085967475 0.147429742165 
0.284871500861 0.288983216489 0.278683120727 0.147462161924 
0.310238400488 0.283171691578 0.259319067504 0.14727084043 
0.285342005346 0.288813258853 0.278049261405 0.147795474396 
0.419493225737 0.382523230845 0.197983543418 
1.0 
1.0 
1.0 
1.0 
1.0 
1.0 
0.524207593533 0.475792406467 
1.0 
1.0 
1.0 
1.0 
1.0 
1.0 
0.426060211394 0.387512740745 0.186427047861 
1.0 
0.523935003068 0.476064996932 
1.0 
1.0 
1.0 
1.0 
1.0 
1.0 
1.0 
1.0 
1.0 
1.0 
1.0 
1.0 
1.0 
1.0 
1.0 
1.0 
1.0 
1.0 
1.0 
1.0 
1.0 
1.0 
1.0 
1.0 
1.0 
1.0 
1.0 
1.0 
1.0 
1.0 
1.0 
0.366630051298 0.367645728097 0.265724220605 
0.387954866469 0.354111286615 0.257933846916 
0.3627024644 0.375207705385 0.262089830216 
1.0 
1.0 
1.0 
1.0 
1.0 
1.0 
1.0 
1.0 
1.0 
1.0 
1.0 
0.352587956043 0.392439377664 0.254972666292 
0.379555983566 0.367755438167 0.252688578267 
0.348034040246 0.39934579618 0.252620163574 
0.376641227372 0.371531725252 0.251827047376 
0.344425534787 0.404046653982 0.251527811232 
1.0 
0.331110075846 0.4120924357 0.256797488455 
1.0 
0.385656697589 0.358310687271 0.25603261514 
0.357778035891 0.383885312344 0.258336651765 
0.382711877138 0.36309590056 0.254192222302 
1.0 
1.0 
1.0 
1.0 
0.374376658881 0.373719751874 0.251903589245 
0.342038510939 0.406053125501 0.251908363561 
0.373070909873 0.373808000607 0.253121089521 
0.341061486169 0.405022701426 0.253915812406 
1.0 
0.322591102425 0.400985594004 0.276423303571 
1.0 
1.0 
1.0 
0.34339330888 0.3935696604 0.263037030719 
0.374743690138 0.361747200094 0.263509109768 
0.346308622887 0.383611416465 0.270079960648 
0.375989132685 0.355456737741 0.268554129574 
0.349518462654 0.372295647101 0.278185890245 
1.0 
1.0 
1.0 
0.372842254997 0.371626986679 0.255530758323 
0.341555862211 0.400827893818 0.257616243971 
0.373535579156 0.367404678478 0.259059742366 
1.0 
1.0 
1.0 
1.0 
1.0 
0.353088850135 0.352423776312 0.294487373554 
0.375528379075 0.341164446133 0.283307174792 
0.352584377038 0.345627198383 0.301788424579 
0.373294073497 0.339441239137 0.287264687367 
1.0 
1.0 
0.331987676299 0.367543148914 0.300469174787 
0.32751021795 0.384506896387 0.287982885663 
0.3768187798 0.349389507191 0.273791713009 
0.351953577377 0.361572113567 0.286474309056 
0.37679675758 0.344370296877 0.278832945543 
1.0 
1.0 
1.0 
1.0 
1.0 
1.0 
1.0 
1.0 
1.0 
0.258173574099 0.295577689461 0.299810518659 0.146438217781 
1.0 
0.261674880247 0.296424259022 0.297587052964 0.144313807767 
0.288628917316 0.290314918209 0.278072402433 0.142983762043 
0.311786498884 0.284461222924 0.259392276021 0.14436000217 
0.286035839355 0.289499965492 0.278719024938 0.145745170215 
0.310499570059 0.283460989116 0.259621572084 0.146417868741 
1.0 
0.266872344267 0.29669718814 0.295112524265 0.141317943327 
0.316518504681 0.3437312371 0.339750258218 
1.0 
0.339691329501 0.338722664836 0.321586005663 
0.313852496073 0.286133517957 0.25860081312 0.14141317285 
0.442944965868 0.368214803086 0.188840231045 
0.466117499255 0.35216413819 0.181718362554 
0.445149172653 0.369848378341 0.185002449005 
0.441301584386 0.367040568814 0.1916578468 
0.464421071172 0.351025755337 0.184553173492 
0.489740167645 0.33414970452 0.176110127835 
0.624748869353 0.375251130647 
0.490959907383 0.334845261052 0.174194831564 
0.624759355184 0.375240644816 
0.492583255907 0.335869701193 0.1715470429 
0.440374882817 0.366467954607 0.193157162577 
0.463266937691 0.350340757945 0.186392304364 
0.434568075177 0.361801966573 0.0130324802694 0.190597477981 
0.462777988821 0.350188609887 0.187033401292 
0.488859905859 0.333997368763 0.177142725378 
0.624458175764 0.375541824236 
0.489003976625 0.333859806792 0.177136216583 
0.5238995244 0.31481653165 0.16128394395 
0.546776778403 0.453223221597 
1.0 
1.0 
0.546566564695 0.453433435305 
0.570032018766 0.429967981234 
0.594752636653 0.405247363347 
0.624674054401 0.375325945599 
0.594832880566 0.405167119434 
0.624588439122 0.375411560878 
0.594877939029 0.405122060971 
0.546371687774 0.453628312226 
0.569883806367 0.430116193633 
0.468270845747 0.353627167854 0.178101986399 
0.624741706767 0.375258293233 
0.59466851037 0.40533148963 
0.624720179655 0.375279820345 
1.0 
0.42847616867 0.322299522887 0.249224308444 
1.0 
1.0 
1.0 
1.0 
0.483539767702 0.291117864748 0.225342367551 
0.452664923239 0.308096799849 0.239238276912 
0.484249272282 0.291655987669 0.224094740049 
0.453608313052 0.308671875339 0.237719811609 
1.0 
1.0 
1.0 
0.482042512547 0.289894602658 0.228062884796 
1.0 
0.482793431232 0.290529023169 0.226677545599 
0.407815449047 0.336389089417 0.255795461536 
0.430423021918 0.323521868502 0.24605510958 
0.408790007576 0.33700833457 0.254201657854 
0.429539635893 0.322949725221 0.247510638887 
0.484827084151 0.292171259578 0.223001656271 
0.454389160635 0.309201249271 0.236409590094 
0.485268122013 0.292653663289 0.222078214698 
0.455030613574 0.309665479514 0.235303906912 
0.410638045179 0.338197322305 0.251164632515 
0.432462410018 0.324861079346 0.242676510636 
0.410205427502 0.33937990995 0.250414662548 
1.0 
0.432234893886 0.324649889364 0.24311521675 
0.456022584641 0.310324608188 0.23365280717 
0.48616011712 0.293645754593 0.220194128288 
0.456267038594 0.310558894949 0.233174066457 
0.486191704865 0.293869117982 0.219939177153 
0.456329857183 0.310733774929 0.232936367888 
1.0 
0.431801492855 0.324362390674 0.243836116472 
0.431178145496 0.323992895469 0.244828959034 
0.48565030676 0.293057538189 0.221292155051 
0.455598842953 0.310030994271 0.234370162776 
0.485973154778 0.293377440062 0.22064940516 
0.405424291509 0.346093818264 0.248481890226 
0.429775231088 0.327801312068 0.242423456844 
0.403739137675 0.347645027404 0.24861583492 
0.407260318458 0.343866177036 0.248873504506 
0.430882413149 0.326906253046 0.242211333805 
0.456025339259 0.310881864116 0.233092796625 
0.485660299987 0.294111723346 0.220227976667 
0.455514093242 0.311079456008 0.23340645075 
0.485286934562 0.294044393397 0.220668672042 
0.454809065309 0.311250655529 0.233940279163 
0.408970768136 0.341446672756 0.249582559108 
0.431851139204 0.325875439891 0.242273420905 
0.432441190079 0.325096270787 0.242462539134 
0.486106636508 0.294027402113 0.219865961379 
0.456261201913 0.310827423841 0.232911374246 
0.485928274681 0.294108827908 0.219962897411 
0.402447123996 0.348133525482 0.249419350522 
0.427829183694 0.328062517687 0.244108298619 
0.40169293089 0.347354004429 0.250953064681 
0.428708775081 0.328254974018 0.243036250901 
0.484777692942 0.293923139924 0.221299167135 
0.454043393578 0.311205126956 0.234751479466 
0.484159849926 0.293737776905 0.222102373169 
0.453311773964 0.310845091359 0.235843134676 
0.401775021349 0.338962234299 0.259262744353 
0.425653409388 0.322294303667 0.252052286944 
0.401617532348 0.335692517449 0.262689950202 
0.401627928612 0.342369966386 0.256002105002 
0.426375450603 0.323910923856 0.249713625541 
0.451930274225 0.30940720966 0.238662516115 
0.482102430321 0.292636339056 0.225261230623 
0.450933559879 0.308787909709 0.240278530412 
0.481274028023 0.292152804968 0.226573167008 
0.449804529993 0.308192028819 0.242003441188 
0.401497244556 0.345329590919 0.253173164525 
0.426820015921 0.325667161312 0.247512822767 
0.427226208663 0.327156060292 0.245617731044 
0.483516245343 0.293453239913 0.223030514743 
0.452664191967 0.310179766561 0.237156041472 
0.482853709643 0.29307216286 0.224074127497 
0.397540833573 0.330627269663 0.271831896764 
0.420333359032 0.318490538632 0.261176102336 
0.395813714851 0.329391671026 0.274794614123 
0.399272724209 0.331842481467 0.268884794324 
0.421714015157 0.319438931801 0.258847053042 
0.447604001441 0.306768208721 0.245627789838 
0.478988537977 0.290292477456 0.230718984567 
0.446518654063 0.306002599995 0.247478745942 
0.478282194743 0.289623975294 0.232093829963 
0.445460037843 0.305243681237 0.24929628092 
0.400855503592 0.333187386097 0.265957110311 
0.423098203394 0.320367164602 0.256534632004 
0.424463815587 0.321242636823 0.25429354759 
0.480466678255 0.291592435072 0.227940886673 
0.448702673009 0.307507341432 0.243789985559 
0.479716073978 0.290958823867 0.229325102154 
1.0 
1.0 
1.0 
0.419012863001 0.317553397582 0.263433739417 
1.0 
1.0 
1.0 
1.0 
0.333599666111 0.277791637707 0.243843588566 0.144765107616 
0.463088456636 0.350581383829 0.186330159536 
0.334944448126 0.278934136777 0.243575418521 0.142545996576 
0.462835040226 0.35048200903 0.00284700551953 0.183835945224 
1.0 
0.476357131098 0.28690660449 0.236736264411 
0.489412146394 0.334527562499 0.176060291107 
0.615785636415 0.370613328446 0.0136010351393 
1.0 
1.0 
1.0 
1.0 
1.0 
1.0 
0.528513245687 0.262387697559 0.209099056754 
0.611542628489 0.219664318575 0.168793052936 
0.528788150447 0.262747940693 0.20846390886 
0.528196325367 0.262172741549 0.209630933084 
0.611741958657 0.219299364116 0.168958677227 
0.757951397534 0.138753081834 0.103295520632 
0.962811990954 0.0165558051545 0.0120379988466 0.0085942050451 
0.757262360124 0.139215076249 0.103522563627 
0.962297015903 0.0167853109281 0.0122045545798 0.00871311858928 
0.75597780033 0.140040851751 0.103981347919 
0.527823538327 0.262126890404 0.210049571269 
0.611668358943 0.219161170738 0.169170470319 
0.527461491109 0.262228963693 0.210309545198 
0.611335746229 0.219249401602 0.169414852168 
0.757403380202 0.139006201543 0.103590418255 
0.96293545115 0.0165006544252 0.0119982451344 0.00856564929023 
0.757983543097 0.138691434716 0.103325022186 
0.963029492849 0.0164588317314 0.0119677108753 0.00854396454469 
0.529721705595 0.264295567777 0.205982726628 
0.609282614294 0.222491019341 0.168226366364 
0.52993881618 0.264946012594 0.205115171226 
0.457608839226 0.227937243465 0.178801026058 0.135652891252 
0.610050150757 0.221615277111 0.168334572133 
0.752127204179 0.142487207051 0.10538558877 
0.959269363963 0.0181345588102 0.0131840315568 0.00941204567036 
0.749682364462 0.144032012206 0.106285623331 
0.957919245616 0.0187362838465 0.0136208285995 0.00972364193755 
0.746969426903 0.145741352622 0.107289220476 
0.529111846773 0.263187804355 0.207700348872 
0.610679708421 0.220844322511 0.168475969068 
0.547081798027 0.19710121047 0.150951410706 0.104865580797 
0.961508166279 0.0171368472977 0.0124597385736 0.00889524784936 
0.75425485603 0.141139012004 0.104606131965 
0.96048222613 0.0175940418742 0.0127916435244 0.00913208847157 
0.530411889929 0.266917571898 0.202670538173 
0.605642798489 0.22632338672 0.168033814792 
0.530517410218 0.26751643455 0.201966155232 
0.53023882096 0.266299859204 0.203461319836 
0.606521288352 0.225405132698 0.16807357895 
0.741225764766 0.149358574945 0.109415660289 
0.9535273626 0.0206940062169 0.0150417013732 0.0107369298104 
0.738453690902 0.151109508732 0.110436800366 
0.952091984216 0.0213339571107 0.015506075681 0.0110679829921 
0.68146614074 0.141528115712 0.103204561338 0.0738011822104 
0.530102839711 0.26562552289 0.204271637399 
0.607438736453 0.224442581207 0.168118682341 
0.608391488895 0.223449284684 0.168159226422 
0.956481170065 0.0193772610095 0.0140860810185 0.0100554879068 
0.744111773491 0.147540538443 0.108347688065 
0.955002714935 0.0200362945043 0.0145643943235 0.0103965962375 
0.530518778441 0.268102277337 0.201378944222 
0.53835726624 0.203374665363 0.149881352638 0.108386715759 
0.530462769415 0.268640825609 0.200896404977 
0.539002880707 0.202532816079 0.149780604677 0.108683698537 
0.950728840505 0.0219417563061 0.0159470835253 0.0113823196636 
0.678532840511 0.142911848268 0.104002899297 0.0745524119239 
0.949469393789 0.0225033633234 0.0163545506974 0.0116726921898 
0.676043071321 0.144219835342 0.104768253804 0.0749688395325 
0.530247959833 0.269753632307 0.199998407861 
0.536457277059 0.205702094972 0.150327137719 0.107513490251 
0.530027853127 0.27001245738 0.199959689493 
0.463327696847 0.235372367475 0.174862846375 0.126437089303 
0.53689800829 0.205263269215 0.150183625583 0.107655096912 
0.672117905601 0.146292646483 0.105989227324 0.0756002205913 
0.946536715788 0.0238112141255 0.0173034539362 0.0123486161507 
0.670608935133 0.147080622951 0.106470503023 0.0758399388928 
0.945894316665 0.0240976942305 0.017511364898 0.0124966242063 
0.669416799901 0.147691980727 0.106861586833 0.0760296325395 
0.530447499847 0.269073757299 0.200478742853 
0.537340158121 0.204733775069 0.150069355473 0.107856711338 
0.537798258259 0.204113365611 0.149978540419 0.108109835711 
0.948338653469 0.0230076106882 0.0167203910803 0.0119333447622 
0.673924693445 0.145339660547 0.105423549266 0.0753120967422 
0.947355445311 0.0234460858912 0.0170385185806 0.0121599502172 
0.529286998625 0.270239778203 0.200473223172 
0.535460878367 0.206179596125 0.150940378491 0.107419147017 
0.52897165963 0.270156104755 0.200872235615 
0.529542585053 0.270257973817 0.20019944113 
0.535583838232 0.206258755787 0.15078663348 0.1073707725 
0.668224539498 0.148269778946 0.107294612046 0.0762110695109 
0.945118399323 0.0244435338243 0.017762763662 0.0126753031908 
0.66824038209 0.148227645065 0.107330349037 0.0762016238069 
0.945256029824 0.0243820242638 0.0177183939176 0.0126435519948 
0.668606901121 0.147990976779 0.107262925925 0.0761391961751 
0.529797186031 0.270178352573 0.200024461396 
0.535780907467 0.2062096653 0.150635644104 0.107373783129 
0.536073879906 0.206022982983 0.150481575982 0.107421561129 
