0.999444295897 0.000522878714705 3.28253881889e-05 
0.999444756101 0.000522995377466 3.22485211655e-05 
0.999486805759 0.000482748474763 3.04457662423e-05 
0.0159375118587 0.339740331235 0.644322156906 
0.165808953562 0.371420793018 0.46277025342 
0.0911862117729 0.328566982082 0.580246806145 
0.204221487045 0.795778512955 
0.305301368237 0.694698631763 
0.188430309296 0.811569690704 
0.0186108461138 0.338345337797 0.64304381609 
0.370280623436 0.629719376564 
0.336628317833 0.663371682167 
0.336208760738 0.663791239262 
0.000442536719073 0.249803838638 0.666293978691 0.0834596459516 
0.000461950088187 0.25655852765 0.666941225529 0.0760382967335 
0.123241326097 0.352723994967 0.524034678936 
0.362875878811 0.637124121189 
0.260067556936 0.658884465694 0.0810479773696 
0.999472329562 0.000496354149013 3.13162890961e-05 
0.566540763749 0.374954222666 0.0585050135851 
0.567917162863 0.37497007257 0.0571127645671 
0.566777741315 0.374443376658 0.0587788820267 
0.364462835357 0.379262762501 0.256274402142 
0.361515691936 0.375815162003 0.262669146061 
0.368540980946 0.382308504452 0.249150514603 
0.999460252085 0.00050778006039 3.19678547385e-05 
0.872073201535 0.119200176488 0.00872662197798 
0.872937244433 0.118441239861 0.00862151570618 
0.873515566494 0.117959955093 0.00852447841316 
0.56990195347 0.376098201591 0.0539998449385 
0.569227576713 0.375738337179 0.0550340861082 
0.383338190793 0.396457947613 0.220203861594 
0.398408069877 0.410623386832 0.190968543291 
0.999481851906 0.000487373368602 3.0774725019e-05 
0.87403542316 0.11755021894 0.00841435790062 
0.874308481887 0.117373753264 0.00831776484847 
0.150240927173 0.376954943704 0.472804129124 
0.165539915775 0.390016371563 0.39909362793 0.0453500847323 
0.000442954017132 0.235716800829 0.658438920975 0.105401324179 
0.000428706961382 0.240384855588 0.665228128433 0.0939583090175 
0.171023682461 0.397713581666 0.390109747648 0.0411529882246 
0.229299108464 0.654720127583 0.115980763953 
0.212138658708 0.664491832256 0.123369509036 
0.163240447504 0.379884723704 0.357462495565 0.0994123332265 
0.0161620617122 0.214541276696 0.661777615547 0.107519046045 
0.207073929829 0.665439665318 0.127486404853 
0.21342674166 0.666380405426 0.120192852914 
0.217516177839 0.665514230728 0.116969591433 
0.177436909618 0.390380480347 0.432182610035 
0.205783009083 0.665787816048 0.128429174869 
0.229424667128 0.639923155308 0.130652177564 
0.999482114891 0.000487369346576 3.05157627736e-05 
0.570731765727 0.376818378319 0.0524498559535 
0.570327455011 0.376466052773 0.0532064922154 
0.402930814224 0.414480504198 0.182588681579 
0.405304513463 0.415264092795 0.179431393743 
0.999486174058 0.000483420928076 3.04050136037e-05 
0.874240708613 0.117507453001 0.00825183838606 
0.874091046034 0.117712693186 0.0081962607801 
0.570422379925 0.377923840032 0.0516537800431 
0.570752521144 0.377266048355 0.0519814305007 
0.413655852639 0.398349538912 0.169541984797 0.0184526236525 
0.570748019513 0.377599813494 0.0516521669924 
0.429505520961 0.400059735873 0.170434743166 
0.420565318883 0.397435668289 0.181999012828 
0.99947198371 0.00049706322447 3.09530660161e-05 
0.873510123604 0.118294459394 0.00819541700184 
0.999460102438 0.000508409374896 3.14881872328e-05 
0.872967900407 0.118826103698 0.00820599589497 
0.872178146198 0.119558719405 0.00826313439757 
0.999391819031 0.000572852098067 3.5328870581e-05 
0.130487178959 0.467299247585 0.402213573456 
0.0901337251062 0.448273213208 0.461593061686 
0.291916012764 0.708083987236 
0.214498826936 0.664473235607 0.121027937457 
0.111024466653 0.385985168318 0.502990365028 
0.332285523415 0.667714476585 
0.291983783245 0.708016216755 
0.119758602111 0.439675215752 0.440566182137 
0.297561168671 0.702438831329 
0.32519608736 0.67480391264 
0.000326185446387 0.318641401902 0.664175152779 0.0168572598727 
0.33584523201 0.66415476799 
0.11408903566 0.458069211572 0.427841752768 
0.359362264277 0.640408813953 0.00022892176956 
0.402532339096 0.597467660904 
0.999414963724 0.000551210189282 3.38260870194e-05 
0.569435400629 0.378133276737 0.0524313226342 
0.569968303922 0.378099718806 0.051931977272 
0.415793319391 0.391394833876 0.192811846733 
0.399529196459 0.398476026815 0.201994776726 
0.999429120908 0.000537821346241 3.30577458953e-05 
0.871413284031 0.120245434294 0.0083412816748 
0.870754818086 0.120812634352 0.00843254756182 
0.567604204199 0.377695931563 0.0546998642385 
0.5687473823 0.378161538703 0.0530910789967 
0.400092522675 0.400794227546 0.199113249779 
0.568234739666 0.377955628718 0.0538096316159 
0.401457439876 0.407673795009 0.190868765116 
0.401917919983 0.412803127895 0.185278952122 
0.999402164455 0.000563252009352 3.45835360349e-05 
0.87008715522 0.121365301232 0.00854754354805 
0.999395429129 0.000569545218528 3.50256523234e-05 
0.869827648995 0.121535298044 0.00863705296069 
0.869596443068 0.121667997052 0.00873555988073 
0.167179050893 0.414086786061 0.418734163046 
0.343058288097 0.656941711903 
0.338250875473 0.661749124527 
0.175155082588 0.443265905733 0.381579011679 
0.439472198486 0.560527801514 
0.414548575878 0.585451424122 
0.114529822641 0.384358491129 0.50111168623 
0.350901722908 0.649098277092 
2.60128168696e-08 0.396920893406 0.603079080582 
0.260424315929 0.739575684071 
0.0525523142063 0.371388642386 0.576059043407 
0.378380954266 0.621619045734 
0.999402800006 0.000562288047006 3.49119472958e-05 
0.566978598353 0.376877529207 0.0561438724399 
0.567244537432 0.377289630216 0.0554658323526 
0.399672180172 0.41277150834 0.187556311488 
0.397318139819 0.412109091731 0.19057276845 
0.999395204853 0.000569557197163 3.52379502147e-05 
0.869787064688 0.121421207366 0.00879172794521 
0.870127497562 0.121045825682 0.00882667675614 
0.56689512288 0.376482316053 0.0566225610673 
0.391552522917 0.406447782974 0.201999694109 
0.56700611617 0.375887273442 0.0571066103876 
0.376387677894 0.391541578068 0.232070744038 
0.999414365801 0.000551270200792 3.43639985658e-05 
0.870646022633 0.120525093376 0.00882888399065 
0.999429636349 0.000536792942696 3.35707081831e-05 
0.871419731565 0.119797320067 0.0087829483673 
0.350155722408 0.392611462564 0.257232815027 
0.35770220495 0.40057996475 0.2417178303 
0.353207825718 0.397208676638 0.249583497643 
0.372788120529 0.417419950941 0.20979192853 
0.385493086954 0.432557521084 0.181949391961 
0.313507680607 0.350859428931 0.335632890463 
0.162804156859 0.180741518419 0.656454324722 
0.35324366581 0.384247912054 0.262508422136 
0.397086058464 0.433157946262 0.169755995274 
0.393644321772 0.425854321507 0.180501356721 
0.38817229788 0.418614209489 0.193213492632 
0.385212698063 0.415936416903 0.198850885034 
0.386023442938 0.419065732763 0.194910824299 
0.389092241073 0.426616902804 0.184290856123 
0.389226083742 0.433228651894 0.177545264363 
0.386216817779 0.435097144561 0.17868603766 
0.383166166173 0.435160798802 0.181673035026 
0.378320232029 0.429138317709 0.192541450262 
0.365382986761 0.41248357048 0.22213344276 
0.644959833978 0.325354856865 0.0296853091568 
0.645645336715 0.325158732477 0.0291959308088 
0.644183765427 0.325951809734 0.0298644248396 
0.646320236342 0.325025538487 0.0286542251706 
0.646763235338 0.325013374902 0.0282233897597 
0.646898434416 0.325240113854 0.0278614517301 
0.617389294994 0.31061795007 0.0719927549362 
0.646602462804 0.326037233869 0.0273603033274 
0.646249763205 0.326492166609 0.0272580701858 
0.645603312891 0.327068583329 0.0273281037807 
0.644923160294 0.327567468887 0.0275093708187 
0.644280750622 0.327934957723 0.0277842916548 
0.643556690792 0.328266349604 0.028176959604 
0.643171314416 0.328277192744 0.0285514928401 
0.642754619403 0.328256732391 0.028988648206 
0.642721258104 0.327947542072 0.0293311998248 
0.642823729577 0.327560540376 0.0296157300472 
0.643118703387 0.327093007393 0.0297882892191 
0.643709420798 0.326491749273 0.029798829928 
0.992420965685 0.00731673901194 0.000262295303401 
0.992577646179 0.00716841998952 0.000253933831118 
0.992251905348 0.00747717358451 0.000270921067568 
0.992730675241 0.00702364777188 0.000245676987106 
0.992852422677 0.00690870492755 0.00023887239513 
0.992925005361 0.00684066474047 0.000234329898376 
0.992962945623 0.00680556573983 0.000231488636928 
0.992931469778 0.00683671329424 0.000231816928135 
0.992868376932 0.00689780664802 0.000233816419495 
0.992750504323 0.00701091276325 0.00023858291388 
0.99260573715 0.00714916724097 0.000245095608989 
0.992448885643 0.00729829788024 0.000252816476859 
0.99228027156 0.00745802720379 0.000261701236013 
0.992149048157 0.00758150092648 0.000269450916676 
0.992033599766 0.00768969440202 0.000276705832221 
0.991980727136 0.00773821248758 0.000281060376437 
0.991973787732 0.00774329183639 0.000282920431346 
0.992019731843 0.00769852788634 0.000281740271021 
0.992125412589 0.00759744851353 0.000277138897218 
0.711789430917 0.261888982862 0.0263215862215 
0.0203124017777 0.358222511285 0.621465086937 
5.16694649029e-06 0.413533885063 0.58646094799 
0.359438359737 0.640561640263 
0.0012153337939 0.498344187881 0.500440478325 
6.53916873337e-07 0.437964560336 0.562034785748 
0.0023616624227 0.460918359722 0.536719977856 
0.20275033871 0.407281385266 0.389968276024 
0.423618078232 0.576381921768 
0.177775309979 0.439702226222 0.382522463799 
0.331744230504 0.663409292698 0.00484647679776 
0.345559298992 0.654440701008 
0.000443484293405 0.343122873796 0.656433641911 
0.341431617737 0.658568382263 
1.14399047449e-08 0.397993135933 0.602006852627 
0.00285028570878 0.419839927018 0.577309787273 
0.177711128121 0.380197198266 0.442091673613 
0.36414629221 0.63585370779 
0.349286675453 0.650713324547 
0.392722964287 0.607277035713 
0.0696511843618 0.389532925803 0.540815889835 
0.28340613842 0.71659386158 
0.303037345409 0.696962654591 
0.22730666399 0.77269333601 
0.978087043223 0.0208412261482 0.00107173062861 
0.869954777702 0.121234629483 0.00881059281528 
0.978226072256 0.0207038984084 0.0010700293351 
0.99939865783 0.000566250437091 3.50917325704e-05 
0.567110101212 0.377075856101 0.0558140426874 
0.465144486227 0.429032227895 0.105823285878 
0.398469479281 0.41245467822 0.1890758425 
0.464300460008 0.42823298386 0.107466556132 
0.400898510134 0.413067376697 0.186034113169 
0.567396328224 0.377504441516 0.0550992302597 
0.313838672285 0.397238213176 0.288923114538 
0.308750283118 0.395555455093 0.295694261789 
0.869648928174 0.121582676305 0.00876839552075 
0.999392755391 0.000571918514654 3.53260948032e-05 
0.711804280554 0.261603598918 0.0265921205282 
0.711953525565 0.261231920548 0.0268145538867 
0.566801161712 0.375428749973 0.057770088315 
0.460185210583 0.423329104307 0.11648568511 
0.36951759547 0.384526683986 0.245955720544 
0.39576007093 0.410731333842 0.193508595228 
0.463538512568 0.427232608219 0.109228879213 
0.566898819375 0.376680791062 0.0564203895628 
0.289206638332 0.37421746612 0.336575895548 
0.384326333612 0.399388258845 0.216285407543 
0.566990509708 0.376239031475 0.0567704588175 
0.26280428517 0.342929467081 0.394266247749 
0.870350667698 0.120815457354 0.00883387494832 
0.978430660802 0.0205060238837 0.00106331531424 
0.999408049713 0.000557279344517 3.46709421137e-05 
0.712302701162 0.26075338052 0.0269439183176 
0.871038486932 0.120153457176 0.00880805589259 
0.999421940784 0.000544085878056 3.39733378496e-05 
0.712980828535 0.260093291003 0.0269258804619 
0.0913279369274 0.2815113947 0.627160668373 
0.35268954016 0.395117992389 0.252192467451 
0.118262647217 0.295801164086 0.585936188698 
0.0946672079015 0.294447768028 0.610885024071 
0.350338799492 0.39331986235 0.256341338158 
0.136797939793 0.323373819336 0.539828240871 
0.380267291715 0.42613060827 0.193602100015 
0.160647762748 0.364037322072 0.47531491518 
0.36471971754 0.408366517387 0.226913765073 
0.120916611329 0.271503024921 0.60758036375 
0.197073122777 0.219646552287 0.583280324936 
0.125808302978 0.271288867375 0.602902829647 
0.388242581096 0.435681751761 0.176075667143 
0.213323564298 0.235871701472 0.55080473423 
0.164914750334 0.348399854092 0.424423217773 0.0622621778015 
0.178214916516 0.378909799425 0.427319228649 0.0155560554101 
0.395914868076 0.429950564544 0.17413456738 
0.169548922916 0.357911264758 0.472539812326 
0.392507545814 0.429959673187 0.1644872576 0.0130455233984 
0.162940648307 0.342827144156 0.494232207537 
0.38624059581 0.416576719053 0.197182685137 
0.156374866477 0.339037542828 0.504587590694 
0.390806466555 0.421852826858 0.187340706587 
0.385158464365 0.416786521621 0.198055014014 
0.158404325727 0.349232340571 0.492363333702 
0.136483766713 0.387906900964 0.475609332323 
0.389804572984 0.430440991 0.179754436016 
0.174450958833 0.393775646821 0.431773394346 
0.387551746138 0.422532939545 0.189915314317 
0.172127368055 0.42326026956 0.404612362385 
0.384652997226 0.435242016941 0.180104985833 
0.170107304044 0.42568531733 0.404207378626 
0.387815138154 0.434644365855 0.177540495992 
0.381526074444 0.433653541769 0.184820383787 
0.15462503551 0.38955228807 0.45582267642 
0.115802962437 0.334464829311 0.549732208252 
0.358468196348 0.403904327198 0.237627476454 
0.372622531395 0.421555149812 0.205822318792 
0.4912762904 0.425123948472 0.0835997611284 
0.645320669511 0.325212496569 0.0294668339193 
0.493116600713 0.426872329513 0.0800110697746 
0.491666999013 0.425906900018 0.0824261009693 
0.644552811792 0.325624067524 0.0298231206834 
0.495700747351 0.429696805199 0.0746024474502 
0.646593159511 0.324979913906 0.0284269265831 
0.496847954091 0.431183803383 0.0719682425261 
0.64599628617 0.325094812913 0.0289089009166 
0.490456640284 0.42570391341 0.0838394463062 
0.642485226673 0.323083949107 0.0344308242202 
0.217120817571 0.188478955359 0.59440022707 
0.646848180273 0.325113494939 0.0280383247882 
0.631500961785 0.318037798102 0.0504612401128 
0.399376909978 0.346870143168 0.253752946854 
0.498514961212 0.433124330134 0.0683607086539 
0.645964552278 0.326765234953 0.0272702127695 
0.498392732705 0.433138249551 0.0684690177441 
0.646441063438 0.326264049332 0.0272948872298 
0.497930371865 0.432620695129 0.0694489330053 
0.64462195668 0.327749424096 0.0276286192238 
0.497361577274 0.432158284662 0.0704801380634 
0.645254100745 0.327337800453 0.027408098802 
0.643899394959 0.328125654892 0.0279749501497 
0.496920979102 0.432142326157 0.0709366947412 
0.496463863332 0.432099470716 0.0714366659522 
0.642951069131 0.328280048714 0.0287688821554 
0.495749606759 0.431605839162 0.0726445540786 
0.643350416326 0.328289956323 0.0283596273512 
0.495171928066 0.43102196489 0.0738061070442 
0.642770210771 0.327751155452 0.0294786337763 
0.494670652109 0.43048319195 0.0748461559415 
0.642698797123 0.328129765852 0.0291714370251 
0.642931738378 0.327345446242 0.0297228153795 
0.494333682254 0.429978208944 0.0756881088018 
0.493565400655 0.428387212043 0.0780473873019 
0.643944054877 0.326227776671 0.0298281684518 
0.643414817097 0.326785501747 0.0297996811569 
0.875437854904 0.119609543007 0.00495260208845 
0.992501624648 0.00724033919095 0.00025803616154 
0.8762479538 0.118872900316 0.00487914588302 
0.874447750996 0.120526650317 0.00502559868619 
0.992334664241 0.00739860401369 0.000266731745796 
0.877032356073 0.118172123826 0.00479552010074 
0.992798277726 0.00695975296935 0.000241969304625 
0.877595161223 0.117685599583 0.00471923919395 
0.99265575128 0.00709451486276 0.000249733857345 
0.877820880444 0.117516828875 0.00466229068115 
0.992951524084 0.00681591122309 0.000232564692851 
0.87789572308 0.117489189858 0.00461508706212 
0.992893573537 0.00687005715729 0.00023636930564 
0.992954158881 0.00681451469274 0.000231326426729 
0.877506433923 0.117889372695 0.00460419338197 
0.877035040395 0.118358859341 0.00460610026494 
0.992816111864 0.00694803344403 0.000235854691709 
0.876245732017 0.119113323215 0.00464094476774 
0.992905239633 0.00686221770546 0.000232542661252 
0.875379665125 0.119926189702 0.00469414517283 
0.992530350258 0.00722090867483 0.00024874106748 
0.874529359376 0.120710177367 0.00476046325639 
0.992679886344 0.00707843303213 0.000241680623731 
0.992362772263 0.0073799658243 0.000257261912338 
0.873631346827 0.121524127344 0.00484452582896 
0.873070048283 0.122013382965 0.00491656875238 
0.992087299235 0.00763944868413 0.00027325208066 
0.872565291543 0.122440710943 0.00499399751425 
0.992211826499 0.00752252031443 0.000265653186943 
0.87247946803 0.122475442564 0.00504508940503 
0.991972637325 0.00774509262729 0.000282270048046 
0.872611666797 0.122308661462 0.00507967174053 
0.991999740666 0.00772101288281 0.0002792464511 
0.991988881844 0.00772833852893 0.000282779627014 
0.873002493644 0.121908181457 0.00508932489902 
0.873722113523 0.121213826031 0.00506406044587 
0.992184761919 0.00754095930418 0.000274278776487 
0.992068754306 0.00765154167294 0.000279704021523 
0.978711491106 0.0202382086965 0.00105030019768 
0.871741815488 0.119499739241 0.00875844527036 
0.978964188831 0.0199988246928 0.00103698647581 
0.999436929235 0.000529860947735 3.32098170475e-05 
0.979211047549 0.0198029557693 0.000985996681266 
0.872604135872 0.119167387037 0.0082284770906 
0.978926144356 0.0200740716633 0.00099978398066 
0.999452812063 0.000515345982045 3.18419552059e-05 
0.979645528423 0.0193653602035 0.000989111373201 
0.874227868784 0.117410896887 0.00836123432964 
0.9797309489 0.0192905672818 0.000978483818471 
0.999485122606 0.000484308913278 3.05684807245e-05 
0.00354998716429 0.338531082782 0.657918930054 
5.60033994765e-07 0.282809981814 0.657157659531 0.0600317986218 
0.0184707537032 0.277782527843 0.661966502666 0.0417802157877 
0.152360823241 0.345828566465 0.501810610294 
5.70072786292e-06 0.335571727613 0.664422571659 
0.338618993759 0.661381006241 
0.000611636894843 0.33625796054 0.663130402565 
0.0534051393016 0.334009733345 0.612585127354 
0.34332215786 0.65667784214 
0.0140786313689 0.335433826479 0.650487542152 
5.06097969295e-05 0.388775581628 0.611173808575 
0.191225111485 0.808774888515 
0.233951508999 0.766048491001 
0.247389853001 0.752610146999 
0.216338634491 0.783661365509 
0.313879787922 0.686120212078 
0.340546548367 0.659453451633 
0.0984329543271 0.33349085234 0.568076193333 
0.000383705176088 0.329543262445 0.670073032379 
0.336740732193 0.663259267807 
0.000460404506198 0.254235675237 0.666106581688 0.0791973385692 
0.235940337068 0.660496413708 0.103563249224 
0.979261802387 0.0197194687845 0.00101872882806 
0.873262672391 0.118165585507 0.0085717421025 
0.979472329824 0.0195239802282 0.00100368994754 
0.999466814783 0.000501569238746 3.16159785143e-05 
0.454245835007 0.417358041345 0.128396123648 
0.363850572252 0.37788652525 0.258262902498 
0.457442992395 0.420310153598 0.122246854007 
0.567263181738 0.374597430743 0.0581393875182 
0.361723681947 0.376279929617 0.261996388435 
0.566520937344 0.374578348736 0.0589007139206 
0.455393354527 0.418626551398 0.125980094075 
0.23755236968 0.313606118117 0.448841512203 
0.229265882129 0.32548512662 0.445248991251 
0.251174899461 0.325525996563 0.423299103975 
0.872510846025 0.118812613868 0.00867654010653 
0.999452459644 0.000515158957627 3.23813983414e-05 
0.714433476006 0.258917324568 0.0266491994262 
0.713542320298 0.259587451352 0.0268702283502 
0.715093221648 0.258571261408 0.0263355169445 
0.569621665338 0.375942746243 0.0544355884194 
0.463255707144 0.425853181661 0.110891111195 
0.391833364214 0.404395208512 0.203771427274 
0.466442654631 0.42944758127 0.104109764099 
0.375230357307 0.388712569815 0.236057072878 
0.568645854787 0.375394477203 0.0559596680105 
0.27329476549 0.350533496601 0.376171737909 
0.301318165378 0.381232890769 0.317448943853 
0.873786471928 0.117743246114 0.00847028195858 
0.999477472013 0.00049149423808 3.10337491101e-05 
0.715763029409 0.258266986581 0.0259699840099 
0.716208931686 0.25816845086 0.0256226174533 
0.158350343457 0.372625768327 0.446965783834 0.0220581043816 
0.000277810159115 0.252394464891 0.656290709972 0.0910370149779 
0.216011831986 0.662096560001 0.121891608012 
0.259318269285 0.658601522446 0.0820802082696 
0.0203198290428 0.253414841652 0.647052526474 0.0792128028312 
0.212563385199 0.663883507252 0.12355310755 
0.0138191169634 0.244805215424 0.654144763947 0.0872309036657 
0.176507522806 0.416022668138 0.407469809055 
0.253056216538 0.640791594982 0.106152188479 
0.160774964846 0.388794004227 0.391901135445 0.0585298954824 
0.000407088411885 0.245411000358 0.665373206139 0.0888087050919 
0.215588122941 0.659333765507 0.125078111552 
0.000462113372303 0.241176059055 0.657880723476 0.100481104097 
0.200820116018 0.665699481964 0.133480402018 
0.210065958576 0.665542423725 0.124391617699 
0.0389070538417 0.226358229784 0.654732823372 0.0800018930026 
0.154129508593 0.36167225924 0.392942130566 0.0912561016018 
0.000742674035309 0.228755446774 0.65741956234 0.113082316851 
0.19179675413 0.665194928646 0.143008317224 
0.200798677643 0.664858937263 0.134342385094 
0.151369539044 0.381797583585 0.373414844275 0.093418033096 
0.184031836993 0.666912555695 0.149055607312 
0.000440025375285 0.219322311142 0.665137648582 0.1151000149 
0.215326800947 0.665582299232 0.119090899821 
0.182072734467 0.666261613369 0.151665652164 
0.979704055065 0.0193221400807 0.000973804853857 
0.874208924499 0.117572293478 0.0082187820226 
0.979629353694 0.0193988055531 0.000971840752754 
0.999484833812 0.000484740188367 3.04259992845e-05 
0.57056493989 0.376632791694 0.0528022684157 
0.467431088368 0.430467689951 0.102101221681 
0.404162708549 0.414887514086 0.180949777365 
0.468349371691 0.431310142736 0.100340485573 
0.401549563176 0.413657277459 0.184793159366 
0.570123840365 0.37627724534 0.0535989142954 
0.31743893857 0.3970168746 0.285544186831 
0.321596123483 0.39931800196 0.279085874557 
0.874295212961 0.117421926298 0.00828286074102 
0.999487021342 0.00048257328782 3.04053701257e-05 
0.716308249501 0.25835783373 0.0253339167684 
0.716365487782 0.258570492732 0.0250640194863 
0.570628222753 0.377763497899 0.0516082793474 
0.469380820174 0.432420132678 0.0981990471482 
0.424513652764 0.400100201525 0.175386145711 
0.46920817241 0.432035044879 0.0987567827106 
0.406181719196 0.415898624765 0.177919656038 
0.468952167471 0.431927938323 0.0991198942065 
0.570773390792 0.37704092104 0.0521856881678 
0.340477571722 0.348377891447 0.244290366769 0.0668541700624 
0.419986461391 0.389834398465 0.164399132133 0.0257800080116 
0.570770387541 0.377441483546 0.0517881289124 
0.376912752489 0.353117903372 0.269969344139 
0.366441398316 0.33696419055 0.296594411135 
0.873831103469 0.117977853951 0.00819104257971 
0.979424354168 0.0195975496764 0.00097809615545 
0.999477625482 0.000491674430228 3.07000882458e-05 
0.715919337513 0.259139905406 0.0249407570809 
0.873249292568 0.118553384945 0.00819732248783 
0.999466343578 0.00050244946102 3.1206960557e-05 
0.715526639069 0.259609097099 0.0248642638326 
0.714803701443 0.260261779474 0.0249345190823 
0.978075916801 0.0208650597685 0.00105902343057 
0.869693619459 0.121619111598 0.00868726894259 
0.978012812409 0.0209179356774 0.00106925191358 
0.999393070208 0.000571722629887 3.5207162e-05 
0.143369905526 0.453311301892 0.403318792582 
6.76653024665e-05 0.433701143539 0.566231191158 
0.38193730427 0.617997646332 6.50493978946e-05 
0.00187210733428 0.462073102646 0.53605479002 
0.000364588698699 0.357288194695 0.642347216606 
0.29694634676 0.70305365324 
2.57647930419e-06 0.38179575049 0.618201673031 
0.0735566710629 0.45041765817 0.476025670767 
0.230666959514 0.630310773849 0.139022266636 
0.128848564885 0.36923443053 0.501917004585 
0.213397630589 0.665703177452 0.120899191959 
0.223011940611 0.663788080215 0.113199979174 
0.242669924558 0.668411433697 0.0889186417453 
0.278586983681 0.721413016319 
0.301698982716 0.698301017284 
7.25628537321e-05 0.414969122251 0.584958314896 
0.104734697818 0.457913330317 0.437351971865 
0.287239313126 0.712760686874 
0.287487387657 0.712512612343 
0.341560482979 0.658439517021 
0.124389492425 0.437465853539 0.438144654036 
0.323268444874 0.669648826122 0.00708272900357 
0.316085100174 0.683914899826 
0.335008561611 0.664991438389 
0.337886234302 0.659630119801 0.00248364589724 
0.978646789524 0.0203378937815 0.00101531669497 
0.871094875145 0.120522365798 0.00838275905699 
0.978403260494 0.0205657558696 0.00103098363616 
0.999422021323 0.000544536815441 3.34418618877e-05 
0.569729874865 0.378115166887 0.0521549582481 
0.467851207354 0.43054117938 0.101607613266 
0.399547172513 0.399686442885 0.200766384602 
0.466777502532 0.429571473067 0.103651024401 
0.418392979255 0.393330878863 0.188276141882 
0.570202679525 0.378038051386 0.0517592690885 
0.403174927676 0.301854172504 0.29497089982 
0.358409114661 0.338726721225 0.302864164114 
0.871778197242 0.119920821274 0.00830098148435 
0.99943681767 0.00053053458029 3.26477493218e-05 
0.714061077625 0.2608455327 0.025093389675 
0.713376928681 0.261297925746 0.0253251455724 
0.567918797204 0.37783320882 0.0542479939759 
0.466991422356 0.430440867661 0.102567709982 
0.401987907309 0.411244752984 0.186767339706 
0.466070329246 0.429902287724 0.104027383029 
0.398706439087 0.399313938669 0.201979622245 
0.466832939543 0.42983459308 0.103332467377 
0.569088032071 0.378162155326 0.052749812603 
0.366552865657 0.32749828085 0.305948853493 
0.401022348744 0.403775479453 0.195202171803 
0.568493255706 0.378078090667 0.0534286536276 
0.34157250886 0.36719165678 0.29123583436 
0.30492492743 0.405472852511 0.289602220058 
0.870392355843 0.121117192545 0.00849045161158 
0.978175111056 0.0207769667617 0.0010479221819 
0.999408055936 0.000557712669439 3.42313942383e-05 
0.712594170964 0.26174821248 0.0256576165557 
0.869935219171 0.12147203554 0.00859274528921 
0.999398265638 0.000566903610912 3.48307512468e-05 
0.712218770674 0.26181836062 0.0259628687054 
0.978837101549 0.0201189375332 0.00104396091774 
0.979077087503 0.0199307588418 0.000992153654806 
0.979705493577 0.0193116111627 0.000982895260677 
0.014712025094 0.291109164692 0.663582384586 0.0305964256278 
5.48686773496e-05 0.337290493032 0.66265463829 
3.78023943072e-05 0.339814649884 0.660147547722 
0.238727807999 0.761272192001 
0.251426279545 0.748573720455 
0.000580347700677 0.335372291879 0.66404736042 
0.330076992512 0.669923007488 
0.254829120998 0.655799984932 0.0893708940703 
0.979378528554 0.0196107105482 0.00101076089777 
0.45534024574 0.418346559627 0.126313194633 
0.454253327777 0.417450550268 0.128296121955 
0.225496744602 0.319702649624 0.454800605774 
0.243674033059 0.317163295375 0.439162671566 
0.979115994343 0.0198560597619 0.00102794589475 
0.713980629432 0.259239551288 0.0267798192799 
0.714795038948 0.258706384426 0.0264985766262 
0.465424761914 0.428159265972 0.106415972114 
0.460308083233 0.422986841861 0.116705074906 
0.26103554546 0.336669252523 0.402295202017 
0.28712382759 0.365996868955 0.346879303455 
0.979564870865 0.0194388882546 0.00099624088034 
0.715432672662 0.258413077431 0.0261542499065 
0.716045049427 0.258167820575 0.0257871299982 
0.000237763850312 0.258457780706 0.657133042812 0.0841714126315 
0.00598341057415 0.254433161011 0.653896689415 0.0856867390003 
0.0200710628719 0.263007832028 0.647828996181 0.0690921089186 
0.224428691979 0.656367182732 0.119204125289 
0.205664295523 0.665763258934 0.128572445543 
0.034655069458 0.226234652759 0.659282922745 0.0798273550388 
0.196303595524 0.665761530399 0.137934874077 
0.000735959237195 0.252076579713 0.651231884956 0.0959555760938 
0.186783608194 0.666224360466 0.14699203134 
0.183431110574 0.666837751865 0.149731137561 
0.979680588221 0.0193474369741 0.000971974804997 
0.467918813837 0.430905050921 0.101176135242 
0.466955722311 0.430025956592 0.103018321097 
0.312941558071 0.392426543526 0.294631898403 
0.319975213901 0.39794079791 0.28208398819 
0.979726207328 0.0192981089908 0.000975683680736 
0.716275668798 0.258249326514 0.0254750046879 
0.716384765162 0.258429772751 0.0251854620874 
0.469434238424 0.432417125056 0.0981486365199 
0.468684574852 0.431660817674 0.0996546074748 
0.315726266566 0.384144694239 0.26289331913 0.0372357200648 
0.46939895556 0.432052080774 0.098548963666 
0.364644077881 0.342090213178 0.244430065155 0.0488356437858 
0.371642783074 0.344532296272 0.283824920654 
0.979537111933 0.0194886305318 0.000974257534835 
0.716178023106 0.25883344669 0.0249885302037 
0.979322053627 0.0196963356393 0.000981610734016 
0.715737112035 0.259371978993 0.0248909089714 
0.715208344591 0.2599118031 0.0248798523098 
0.978035938881 0.0208995353183 0.00106452580076 
0.00178363114155 0.445787706082 0.552428662777 
6.27452915918e-05 0.386820751947 0.613116502762 
0.000536316862909 0.338655119905 0.660808563232 
0.181480198739 0.66340470314 0.155115098121 
0.318043768406 0.681956231594 
1.96534033293e-05 0.398166791833 0.601813554764 
0.27702665329 0.72297334671 
9.3557785503e-05 0.424382052471 0.575524389744 
0.303866147995 0.696133852005 
0.331184975604 0.662977516651 0.00583750774507 
0.978526062123 0.0204511318355 0.00102280604187 
0.467185103721 0.429910546713 0.102904349566 
0.46862438082 0.431329714662 0.100045904517 
0.364846763419 0.329681637479 0.305471599102 
0.392495786959 0.309252971595 0.298251241446 
0.978781581279 0.0202108565673 0.00100756215397 
0.714418900834 0.260575067548 0.0250060316175 
0.713742543953 0.261063841161 0.0251936148852 
0.466589478652 0.430302353699 0.103108167648 
0.466679792037 0.429562409291 0.103757798672 
0.349174629899 0.350158888845 0.300666481256 
0.467048736193 0.430220855496 0.102730408311 
0.367436844646 0.335103433789 0.297459721565 
0.33115616432 0.39093288788 0.2779109478 
0.978279228273 0.02068098686 0.00103978486732 
0.712962141152 0.261550460119 0.0254873987287 
0.978116452278 0.0208297327126 0.00105381500907 
0.7123910698 0.261801949993 0.0258069802076 
0.711992032586 0.26186654927 0.0261414181441 
3.21161519657e-05 0.390369783663 0.609598100185 
0.0154411647518 0.482418670873 0.502140164375 
0.0017047548523 0.48382264135 0.514472603798 
0.342801353333 0.655276358128 0.00192228853959 
0.340695738792 0.659304261208 
0.00434585471108 0.427751580286 0.567902565002 
0.358487963676 0.641512036324 
0.000331431990079 0.427066176767 0.572602391243 
0.315023422241 0.684976577759 
0.256572544575 0.743427455425 
0.97815293339 0.0207758862764 0.00107118033338 
0.464713009493 0.428620112641 0.106666877866 
0.465593702585 0.429459967225 0.10494633019 
0.314585256621 0.396138173297 0.289276570082 
0.311406152478 0.397118551501 0.291475296021 
0.978035459074 0.0208931913251 0.00107134960126 
0.711752413196 0.261780339869 0.0264672469348 
0.711880289529 0.261412647973 0.0267070624977 
0.45755637688 0.420729351515 0.121714271605 
0.46394376559 0.42787402766 0.10818220675 
0.301751036058 0.388083677877 0.310165286064 
0.462397020232 0.425720643331 0.111882336438 
0.275440651268 0.358417820841 0.366141527891 
0.249326130699 0.330021598984 0.420652270317 
0.978317209909 0.0206152655478 0.00106752454303 
0.71208426358 0.261018821953 0.0268969144672 
0.978571636825 0.0203713571053 0.00105700606946 
0.712645162858 0.26041083128 0.0269440058619 
0.713251828205 0.2598422384 0.026905933395 
0.0946488127057 0.288988555973 0.616362631321 
0.0917279232833 0.283731866946 0.62454020977 
0.147533243418 0.344721609831 0.507745146751 
0.129726041253 0.311753343646 0.558520615101 
0.103833294126 0.233139300136 0.663027405739 
0.160108995299 0.358613335581 0.467431485653 0.0138461834667 
0.152583175583 0.327576892689 0.476135075092 0.0437048566361 
0.176974814527 0.375596243747 0.447428941727 
0.167451993545 0.350284012743 0.417679280043 0.0645847136691 
0.162348281012 0.340148140325 0.497503578663 
0.166024760444 0.3494275649 0.484547674656 
0.156614996349 0.341988347615 0.501396656036 
0.165070927852 0.381325119025 0.453603953123 
0.161074489645 0.36094725103 0.477978259325 
0.181206117862 0.428883929259 0.389909952879 
0.171805130997 0.411438954315 0.416755914688 
0.165866410617 0.416754180308 0.417379409075 
0.0999130791516 0.313112300029 0.586974620819 
0.141761117355 0.358419425114 0.499819457531 
0.491963277495 0.425719623529 0.0823170989752 
0.491174373183 0.425192792561 0.0836328342557 
0.496449134733 0.430664904927 0.0728859603405 
0.494498793239 0.428325835413 0.0771753713489 
0.324532428894 0.281693478909 0.393774092197 
0.497164857014 0.431496116893 0.0713390260935 
0.246307277048 0.213861859476 0.539830863476 
0.498499125441 0.43319682757 0.0683040469885 
0.49834609768 0.432891696778 0.0687622055411 
0.49763810248 0.432338204375 0.0700236931443 
0.498204681909 0.432923454905 0.0688718631864 
0.497124786469 0.432105702368 0.0707695111632 
0.496114176479 0.431888501379 0.0719973221421 
0.496732138584 0.432174637426 0.071093223989 
0.494915423369 0.430743443394 0.0743411332369 
0.495444487542 0.431310739607 0.0732447728515 
0.494472645061 0.430248573585 0.0752787813544 
0.49260788379 0.427089982054 0.0803021341562 
0.494147263451 0.429408788697 0.0764439478517 
0.87586808088 0.119216272842 0.00491564627737 
0.874938071533 0.120070674629 0.00499125383794 
0.877364803269 0.117880667397 0.0047545293346 
0.876648831686 0.118513172919 0.00483799539506 
0.877906227406 0.117458666753 0.00463510584086 
0.877733809418 0.117576914364 0.00468927621841 
0.877740474379 0.117653350384 0.0046061752364 
0.876679648551 0.118701103238 0.00461924821138 
0.877293705286 0.118103901113 0.00460239360109 
0.874970807195 0.120304879766 0.00472431303933 
0.875808907659 0.119525035391 0.00466605694965 
0.874059266035 0.121138462241 0.00480227172375 
0.872795964766 0.122248099476 0.00495593575761 
0.873330361506 0.121789023916 0.00488061457872 
0.872530580999 0.122405577416 0.00506384158507 
0.872476402799 0.122500938234 0.00502265896648 
0.872762588443 0.122148578862 0.00508883269504 
0.874068651026 0.120883564787 0.0050477841869 
0.873352822323 0.121568332019 0.00507884565741 
0.0244422060792 0.342920412367 0.632637381554 
0.00122638548906 0.378983656511 0.619789958 
8.50651304694e-05 0.391614129778 0.608300805092 
0.0221307929897 0.375484043703 0.602385163307 
0.00112060046481 0.408646073577 0.590233325958 
1.22072632546e-06 0.401159734703 0.598839044571 
1.56982150555e-09 0.400392351965 0.599607646465 
0.368168830872 0.631831169128 
1.06533376423e-07 0.380156410495 0.619843482971 
2.31873490793e-10 0.360593974358 0.63940602541 
0.0392892257999 0.50894487931 0.45176589489 
0.00775199126008 0.492155383122 0.500092625618 
0.0911209289022 0.454034089666 0.454844981432 
0.189297900393 0.424411400363 0.386290699244 
1.35637386521e-06 0.469956591357 0.530042052269 
0.440173745155 0.559826254845 
0.000579936958452 0.477539257549 0.521880805492 
0.428852260113 0.571147739887 
3.90397678904e-06 0.448083013424 0.5519130826 
0.0109811825911 0.474744577869 0.51427423954 
0.0422003886061 0.462199626271 0.495599985123 
0.191481252131 0.40829072434 0.400228023529 
0.412375050248 0.587561666965 6.32827867524e-05 
7.67554181584e-07 0.452248994066 0.547749936581 3.0179906765e-07 
0.00258703603603 0.472323640443 0.525089323521 
0.434641068171 0.565352320671 6.61115777781e-06 
0.000544245181809 0.493880693974 0.505575060844 
0.180337277797 0.442695023867 0.376967698336 
0.057350590498 0.484573021858 0.458076387644 
0.157380953768 0.448172971269 0.394446074963 
0.311465624756 0.663692295551 0.0248420796922 
0.332255095856 0.661525905132 0.00621899901183 
0.338260508139 0.657327413559 0.00441207830248 
0.336539068057 0.662770807743 0.000690124200235 
0.338297069073 0.661702930927 
0.345334916644 0.654191434383 0.000473648972859 
0.369190514088 0.630809485912 
0.367818116249 0.63203060627 0.000151277481594 
0.352161347866 0.647838652134 
0.340206623077 0.659793376923 
0.350328862667 0.649671137333 
0.34321731329 0.65678268671 
0.340173661709 0.659826338291 
0.335385501385 0.664614498615 
0.000352786277497 0.343387617375 0.656259596348 
0.336645185947 0.663354814053 
2.08047360218e-08 0.401058951077 0.598941028118 
4.598645007e-05 0.416866092407 0.583087921143 
0.00251967787252 0.440984119182 0.556496202946 
3.15335246324e-07 0.402334672782 0.597665011883 
5.66445424257e-05 0.411124209301 0.588819146156 
0.0055907201931 0.424088613971 0.570320665836 
0.0282944943232 0.41483188612 0.556873619556 
0.153326734943 0.378321602898 0.468351662159 
0.0583764760527 0.418109491583 0.523514032364 
0.171656103383 0.399398951282 0.428944945335 
0.352087020874 0.647912979126 
0.35405087471 0.64594912529 
0.348580658436 0.651419341564 
0.367186546326 0.632813453674 
0.33661532402 0.66338467598 
0.36274689436 0.63725310564 
0.381816327572 0.618183672428 
0.370448112488 0.629551887512 
0.392291426659 0.607708573341 
1.51221825609e-06 0.413706697773 0.586291790009 
0.000826921959072 0.420837375622 0.578335702419 
0.388439178467 0.611560821533 
0.000104927313311 0.424171901453 0.575723171234 
0.0610246119849 0.383047872985 0.55592751503 
0.00845069971039 0.423238264657 0.568311035633 
0.0825366013192 0.391084171043 0.526379227638 
0.250597715378 0.749402284622 
0.29929292202 0.70070707798 
0.290424406528 0.709575593472 
0.281176865101 0.718823134899 
0.351657629013 0.648342370987 
0.369238972664 0.630761027336 
0.330819904804 0.669180095196 
0.326496124268 0.673503875732 
0.33176022768 0.66823977232 
0.2477414608 0.7522585392 
0.269066035748 0.730933964252 
0.242570817471 0.757429182529 
0.219287991524 0.780712008476 
0.214508831501 0.785491168499 
0.99562054478 0.00417929659497 0.000200158625375 
0.978118998849 0.0208094722701 0.00107152888086 
0.995638850223 0.00416140687079 0.000199742906261 
0.999396819809 0.000568008386326 3.5171804484e-05 
0.935773857392 0.0605666977469 0.00365944486111 
0.869870238299 0.121328308886 0.00880145281553 
0.935905583783 0.0604317110288 0.00366270518862 
0.870038045566 0.121142633263 0.00881932117045 
0.936046141594 0.0602893718299 0.00366448657587 
0.978188016963 0.0207412617293 0.00107072130777 
0.995659989881 0.00414083531987 0.000199174799491 
0.999400631157 0.000564362690212 3.5006152757e-05 
0.567041292862 0.37697545804 0.0559832490981 
0.509418310055 0.412952332369 0.0776293575764 
0.464502100994 0.428422259937 0.107075639069 
0.509163888594 0.412680713037 0.0781553983688 
0.567177316775 0.377181162457 0.0556415207684 
0.509682568897 0.413242702197 0.0770747289062 
0.46492719751 0.428823902196 0.106248900294 
0.431653607816 0.425602119237 0.142744272947 
0.399065780316 0.412610110964 0.18832410872 
0.430933312348 0.425132318565 0.143934369087 
0.397886148268 0.412303098863 0.189810752869 
0.430244670941 0.424693567918 0.145061761141 
0.40147895755 0.413066375835 0.185454666615 
0.432393499817 0.426096296703 0.141510203481 
0.465826099718 0.429679410553 0.104494489729 
0.400285591134 0.412935565463 0.186778843403 
0.465366897037 0.429244349847 0.105388753116 
0.567316965114 0.377397927542 0.0552851073444 
0.509963378033 0.413541257659 0.0764953643084 
0.567487765019 0.377606034364 0.0549062006176 
0.256761310296 0.411287101311 0.331951588392 
0.314018939942 0.398122097045 0.287858963013 
0.254560930407 0.41281183275 0.332627236843 
0.359864142221 0.402121651489 0.23801420629 
0.361514316877 0.40168335847 0.236802324653 
0.313822244373 0.395067001614 0.291110754013 
0.358147461567 0.402080308046 0.239772230387 
0.310320874044 0.396813193968 0.292865931988 
0.356419028034 0.401585607539 0.241995364428 
0.312499155522 0.397146920442 0.290353924036 
0.263419370349 0.397329498832 0.339251130819 
0.25635087384 0.393486053812 0.350163072348 
0.978018778191 0.0209106065552 0.00107061525341 
0.995606840793 0.0041928166459 0.000200342561584 
0.999392024901 0.000572633000592 3.53420982719e-05 
0.869605206973 0.121640946628 0.00875384639949 
0.935667100646 0.0606790978423 0.00365380151197 
0.869712072319 0.121507132531 0.00878079514951 
0.978058881311 0.0208694327641 0.00107168592513 
0.999393829964 0.0005708817397 3.52882962034e-05 
0.791600049329 0.191939615789 0.0164603348821 
0.711772878691 0.261695877612 0.0265312436968 
0.791717894335 0.191760642495 0.0165214631706 
0.711751627684 0.261849719152 0.0263986531645 
0.635765864109 0.325235420312 0.0389987155795 
