0.32538565677 0.153024895596 0.292742568459 0.0864196377171 
0.00993906206746 0.236448520467 0.109874815035 0.0705172841677 0.0576344607448 0.393054655015 0.122531202503 
0.0316134473633 0.305385993819 0.170050688865 0.0924742619178 0.0203225232504 0.283969918035 0.0956862606754 0.000496906073651 
0.0067329539974 0.223468609433 0.118686725427 0.0749659700367 0.0591794360357 0.37378445387 0.135187017731 0.00799483346899 
0.0472505222088 0.464270270667 0.176314741317 0.0584547125226 0.00372574576757 0.204440461859 0.0455435456584 
0.0332724361999 0.348458811341 0.134783890772 0.0791362033872 0.0250236673812 0.302294378202 0.0770306127164 
0.0598864582097 0.413151688487 0.207878609134 0.0623530233009 0.199221915277 0.0575083055912 
0.0452764683448 0.315440451905 0.268639508626 0.00188469885108 0.0199885993153 0.080720143273 0.180504329929 0.0726090800179 0.0149367197379 
0.0595884023845 0.344153793682 0.259476837271 0.00376982317499 0.0742379101663 0.186764248346 0.0694632812265 0.00254570374929 
0.0219076619315 0.267659718167 0.188930977744 0.00964198123409 0.10134607442 0.00760163976957 0.267973168013 0.109136000772 0.0258027779484 
0.0275489793914 0.285835203177 0.1824083107 0.0978936654266 0.0145600212789 0.27514144116 0.103521602859 0.0130907760068 
0.00327092009676 0.211719691715 0.125952472612 0.0801744866616 0.0529575400268 0.358073536977 0.146101036176 0.0217503157347 
0.0224431370263 0.440913388376 0.34431033702 0.039088639034 0.126650809267 0.026593689277 
0.0132627232536 0.397672201332 0.385995230728 0.00835642245107 0.0486454893963 0.116959900756 0.0291080320824 
0.415470798704 0.495039362414 0.00725119968079 0.00628191702312 0.0759567221784 
0.371044401572 0.53413571454 0.0106345731595 0.00735668202202 0.0109018752694 0.0659267534363 
0.00933382750913 0.35167981744 0.393189572544 0.011125142505 0.0361527682796 0.0603632905641 0.107286312821 0.0290607964666 0.00180847187047 
0.028038782173 0.583617151539 0.232744265147 0.0231100993835 0.127488445715 0.00500125604258 
0.0249105678544 0.504524812489 0.296844811885 0.0289955419114 0.128685412928 0.0160388529329 
0.491924406956 0.431328118986 0.0767474740588 
0.105614335888 0.0430096629113 0.0206560880583 0.00486476817924 0.57143838976 0.254416755203 
0.164361613656 0.0772487817409 0.0538499216065 0.0362891791115 0.495616746771 0.172633757114 
0.111824208823 0.0352168766532 0.0191035294745 0.011074560115 0.620547583045 0.20223324189 
0.172833273855 0.0706658294389 0.0498933904072 0.0340202774259 0.524216241474 0.148370987399 
0.153600708876 0.0820854639733 0.0589298653885 0.0424258785212 0.458861017981 0.192344608406 0.0117524568543 
0.000153940222886 0.303292061484 0.62596131227 0.0705926860233 
0.0542616373453 0.00804740781518 0.503085482222 0.40223821336 0.0270723043376 0.00529495491923 
0.0031548275017 0.494141522039 0.462975368079 0.0397282823807 
0.0608525426278 0.00216241377369 0.594793137635 0.336539911088 0.00565199487592 
0.062484433833 0.674114401247 0.26340116492 
0.0318121193107 0.00968356766991 0.345965027898 0.441652464597 0.0499005938288 0.0671799725935 0.0538062541022 
0.0841393719282 0.0574055053723 0.0350634683158 0.414033532638 0.30860017655 0.0109950789457 0.0592492563203 0.0305136099304 
0.0397607412087 0.00872153589084 0.403106469559 0.444479252225 0.0447884232186 0.0392847209293 0.0198588569684 
0.0902436872701 0.0545981685852 0.0306507000885 0.468712680323 0.302517909746 0.00569233021565 0.0361172469806 0.011467276791 
0.243003821627 0.628007152039 0.0798678932727 0.0304069148482 0.0187142182137 
0.14557875365 0.0867773556418 0.0639300916425 0.0234924774689 0.437893053032 0.209051970162 0.0293075842697 0.00396871413317 
0.138920445976 0.0897559906308 0.0689644287012 0.0112494138169 0.410540460206 0.217679941613 0.0465514656428 0.016337853413 
0.917399762651 0.0826002373487 
0.776712270136 0.223287729864 
0.913632770697 0.0863672293026 
0.782335615687 0.217664384313 
0.912825955643 0.0871740443567 
0.0541157179871 0.924552016398 0.0213322656146 
0.0509031548386 0.92913986148 0.0199569836815 
0.085118463721 0.0268502235682 0.805434277062 0.0539161946764 0.0286808409721 
0.0495357546609 0.832406618466 0.0997188949299 0.0183387319428 
0.13952002188 0.0112281581428 0.695331903912 0.0695218362394 0.0843980798263 
0.0877019232535 0.710200257468 0.121886947144 0.0802108721348 
0.766706692191 0.233293307809 
0.073465393158 0.164346369688 0.762188237154 
0.0618049934654 0.0932715037738 0.844923502761 
0.150200077321 0.132246089942 0.695542667328 0.0220111654091 
0.121521863815 0.0758624382067 0.759790580362 0.0128787537933 0.0299463638228 
0.19386842024 0.0567067768544 0.637529619768 0.0317277169739 0.0801674661643 
0.112161304312 0.887838695688 
0.000795754752776 0.105684446132 0.893519799116 
0.00737340619983 0.188733097728 0.803893496072 
0.498228790351 0.501771209649 
0.685065321981 0.314934678019 
0.480991329399 0.519008670601 
0.568409973873 0.431590026127 
0.0116582500468 0.78427227324 0.204069476713 
0.00210624325422 0.0590913638973 0.0190955147905 0.767153314355 0.152553563703 
0.0335225205876 0.0331546823172 0.00351497246653 0.660935312489 0.26887251214 
0.0720100416597 0.27781038879 0.650179569551 
0.00221432699896 0.312028899414 0.685756773587 
0.379363924698 0.620636075302 
0.132862836355 0.046751233979 0.0197451910991 0.421429367754 0.379211370813 
0.156139204062 0.0158571828602 0.232076479781 0.591218836068 0.00470829722943 
0.246240912604 0.0638918863891 0.0446183334769 0.311372318554 0.31846886605 0.0154076829259 
0.263578237815 0.0279819962428 0.0095005471573 0.161108256722 0.485590764642 0.052240197421 
0.0522204830293 0.103179703762 0.0654707846829 0.660760233632 0.118368794894 
0.0946540851616 0.0719270473159 0.0479435955978 0.564578505542 0.220896766383 
0.192813616712 0.10518189605 0.0770281765673 0.434646316019 0.190329994651 
0.837601508289 0.162398491711 
0.693178316921 0.306821683079 
0.844098334193 0.155901665807 
0.693978914775 0.306021085225 
0.375144586653 0.624855413347 
0.32595701884 0.67404298116 
0.00404944407811 0.702467195504 0.293483360418 
0.0902187044579 0.848987505323 0.0607937902188 
0.0643261650928 0.839564000616 0.0961098342916 
0.0400887499939 0.903525741521 0.0563855084856 
0.014285310462 0.891781590879 0.0939330986587 
0.912920421904 0.0870795780959 
0.118754619885 0.00639165464557 0.647972749929 0.132733705705 0.0882779423783 0.00586932745597 
0.0775211863546 0.734890677462 0.145239695928 0.0423484402558 
0.162919527373 0.0313133366394 0.643943797869 0.0878527206911 0.0739706174276 
0.109636222373 0.0028426737887 0.759583298114 0.094124359029 0.0338134466947 
0.148293557426 0.0234212664451 0.74444615185 0.061575109451 0.022263914828 
0.0473128321509 0.669479742529 0.237504273095 0.0457031522257 
0.536600012666 0.433018290309 0.0303816970247 
0.0750654753918 0.599344340583 0.201672934904 0.096924900752 0.026992348369 
0.0521317139243 0.912482875265 0.0353854108104 
0.900908508687 0.0990914913134 
0.728125857633 0.271874142367 
0.751159228795 0.248840771205 
0.00445069987742 0.875093821403 0.120455478719 
0.0975166881395 0.887587710999 0.0148956008611 
0.101166749579 0.898833250421 
0.16162878872 0.83837121128 
0.17552456859 0.82447543141 
0.061697933639 0.759186482753 0.11186069878 0.0672548848275 
0.0589187513298 0.848302523617 0.0861082191738 0.00667050587915 
0.088901949377 0.760865586587 0.0761359523737 0.00768179294191 0.0664147187206 
0.0945972903643 0.845189973002 0.0543258874826 0.00588684915083 
0.145593816901 0.830628111401 0.0198600944656 0.00391797723244 
0.0158375378828 0.825632166383 0.153258860217 0.00527143551754 
0.694843497722 0.305156502278 
0.0288536257789 0.729288619683 0.175281432629 0.066576321909 
0.0480380230719 0.500748628219 0.143670370188 0.0565805648918 0.00945571678197 0.20843247152 0.033074225327 
0.0359504201092 0.374660680255 0.115044131994 0.069147668994 0.0286673695398 0.30963157453 0.0668981545785 
0.0168192111116 0.260900645595 0.0876123849581 0.0638663692879 0.0418230139196 0.435163669483 0.0938147056456 
0.022684670275 0.267761868527 0.0734722777733 0.0637066791856 0.0482294242571 0.447010495773 0.0771345842091 
0.0433787536597 0.38990805506 0.0941496318871 0.0668669407629 0.0366251948922 0.313036066737 0.0560353570007 
0.0622802171317 0.655660143098 0.122098125936 0.0314678327624 0.128493681072 
0.0430626759371 0.632940518317 0.17009607015 0.0248074300758 0.12909330552 
0.0694779683092 0.532532955466 0.0870019276977 0.0651460973879 0.0291378049785 0.208666967857 0.00803627830384 
0.0808995005993 0.657902917456 0.088465888071 0.0429834955587 0.00388453959876 0.125863658716 
0.0866442936193 0.525071625541 0.0657740689065 0.077031291484 0.0436582041519 0.201820516297 
0.106120949963 0.640108205811 0.0643340394343 0.0565390630987 0.0124775818481 0.120420159846 
0.0318379113502 0.268187719686 0.0592703575084 0.0693804582745 0.0595976199943 0.450962308055 0.0607636251313 
0.0557594944318 0.395850637635 0.0747561605628 0.0727197919044 0.0509549044251 0.312786013411 0.0371729976296 
0.00272099149616 0.0669515665355 0.393199316208 0.0584765144303 0.0885020886911 0.0637767228755 0.307956529071 0.018416270693 
0.00738445338307 0.0692435672023 0.23482927331 0.00143729586877 0.161180240722 0.129884561745 0.396040607769 
0.0289206040111 0.0982513695314 0.335389858182 0.0128252074178 0.160372778518 0.0966536576473 0.267586524693 
0.0158007087056 0.00362048693407 0.0762730399126 0.201338273434 0.197918895455 0.164317648601 0.340730946957 
0.0408020495614 0.0157352396461 0.112435856085 0.286697172819 0.195675681759 0.115283824556 0.233370175574 
0.0537415845089 0.0205138913909 0.162920912795 0.396090464237 0.137404133131 0.0763320663346 0.152996947602 
0.0795924712929 0.0483716079373 0.179823238 0.311010444028 0.163680248463 0.0862318517397 0.131290138539 
0.0560032446682 0.0386881845299 0.119575404658 0.230072721053 0.227884103363 0.133235559124 0.194540782604 
0.0115068666184 0.108324616431 0.498118499007 0.0434183130729 0.0931933473185 0.0572275765514 0.188210781001 
0.0312389783779 0.0805734251255 0.370779036483 0.0343592827877 0.11454157265 0.0776856291035 0.289144162408 0.00167791306444 
1.55270453893e-05 0.0591815066656 0.255564134083 0.0192949925869 0.113621517089 0.0987277574598 0.437211583058 0.0163829820123 
0.14150559687 0.616069512821 0.0403930007456 0.0664719165087 0.0213729539496 0.114187019105 
0.173537782711 0.71325755705 0.0238792696042 0.0275729703851 0.0617524202489 
0.00922959425568 0.18873819006 0.572621296489 0.0146098416136 0.078184951038 0.030647466072 0.105968660471 
0.238233263552 0.662485712876 0.00173041309302 0.0394027363463 0.0581478741326 
0.0265574927592 0.0153074129391 0.246003580209 0.490115076593 0.0895929026634 0.0393449058776 0.0930786289594 
0.0531504760475 0.0443092082142 0.27306486763 0.393801292776 0.104944355382 0.0506656035237 0.0800641964268 
0.00453688774662 0.322104559359 0.571257106691 0.0532077947906 0.0488936514135 
0.532782489494 0.467217510506 
0.450360063401 0.549639936599 
0.585720553715 0.414279446285 
0.499733213816 0.500266786184 
0.413076969362 0.586923030638 
0.290521629898 0.709478370102 
0.394075945448 0.604654552166 0.00126950238661 
0.017314963783 0.463976757354 0.500204560969 0.0185037178945 
0.210842186069 0.78824388816 0.000913925770623 
0.247155369736 0.752844630264 
0.277408434501 0.722591565499 
0.295049560879 0.704950439121 
0.720225255321 0.279774744679 
0.297584868186 0.702415131814 
0.704602002749 0.295397997251 
0.856611168949 0.143388831051 
0.865118035662 0.134881964338 
0.729232292735 0.270767707265 
0.00642602780042 0.854272435945 0.139301536254 
0.00409841581925 0.765078898789 0.230822685391 
0.344889575365 0.655110424635 
0.976594670914 0.0234053290863 
0.931353800027 0.0686461999735 
0.00360092055616 0.965223863747 0.0311752156968 
0.926254482787 0.0737455172128 
0.00534518962062 0.00834656430793 0.901237898096 0.0850703479758 
0.923831632963 0.0761683670372 
0.96717629082 0.0328237091801 
0.0584954166352 0.941504583365 
0.109517157545 0.890482842455 
0.0169542681273 0.0678529505543 0.915192781318 
0.0244337452862 0.120598673989 0.854967580724 
0.109695758571 0.890304241429 
0.209400314429 0.790599685571 
0.207751191205 0.792248808795 
0.0135122667493 0.986487733251 
0.0111033018724 0.988896698128 
0.00451616390431 0.0217416510921 0.969085601136 0.00465658386764 
0.0793538548687 0.920646145131 
0.040518334744 0.959481665256 
0.120151019956 0.879848980044 
0.073375358727 0.919075534727 0.00754910654618 
0.139325827539 0.860674172461 
0.248399343699 0.751600656301 
0.205022177328 0.794977822672 
0.0407735050349 0.130338599261 0.135825287594 0.214316429869 0.478746178241 
0.0428550891073 0.106980486248 0.160242734274 0.299099913745 0.390821776626 
0.000383048645139 0.0768816076177 0.0843605398606 0.241614403503 0.596760400373 
0.0615091545568 0.0973512528482 0.361465829202 0.479673763393 
0.0341626199813 0.15177929669 0.111946640724 0.155065592561 0.545580081496 0.00146576854788 
0.0422040627048 0.0258937784474 0.149777525673 0.782124633175 
0.0262126478888 0.0371191312661 0.237284983495 0.69938323735 
0.00715590023887 0.0463874299507 0.385313133294 0.561143536517 
0.106906548889 0.0422150604344 0.0763253319111 0.714838065079 0.0597149936864 
0.0998738116842 0.0583285811075 0.109620423193 0.70526029709 0.0269168869258 
0.0585413543264 0.0048470591424 0.0634096558115 0.815552313739 0.0576496169803 
0.0543859700656 0.0144147971155 0.095812964247 0.815097165517 0.0202891030551 
0.0249378971567 0.166996266337 0.0875229823738 0.111274709197 0.583642869101 0.0256252758347 
0.0155683715625 0.174463579252 0.0149481359739 0.0687100113857 0.0802842568507 0.590367988716 0.0556576562594 
0.00190004767803 0.180606406562 0.0508167060375 0.0505492204649 0.0463678060941 0.571239163741 0.0985206494218 
0.178504659385 0.062527970958 0.0481041275173 0.0363873246884 0.550780467545 0.123695449906 
0.115322285492 0.0254541143255 0.0192474866033 0.0191799998964 0.662400513973 0.15839559971 
0.112865321545 0.00227514766001 0.0294589781487 0.0565328612452 0.712757490379 0.0861102010222 
0.00785747746229 0.179492125508 0.0322747784036 0.057813774641 0.0613182775002 0.585921775806 0.0753217906792 
0.0652068411374 0.0122859516862 0.789528403779 0.132978803397 
0.0627186879244 0.0358765678643 0.812595151719 0.0888095924925 
0.065152684116 0.741969576102 0.192877739782 
0.0237573726047 0.459052139886 0.0713555830603 0.0302293677189 0.32955268136 0.0256165447936 0.0604363105766 
0.0280640490617 0.390956992462 0.0580277489549 0.0138344872529 0.39095980642 0.054999799797 0.0631571160518 
0.284892639249 0.0953989500193 0.0545004316361 0.506244538024 0.0338791315415 0.0250843095304 
0.00535845638797 0.255540683745 0.0722701168488 0.028209165686 0.54541240127 0.0599958018112 0.033213374251 
0.0271083032856 0.285225230687 0.0439224939036 0.00166767370957 0.502136612089 0.0788407165556 0.0610989697698 
0.0560872241794 0.362841142426 0.0210500673084 0.390332228333 0.082475280549 0.0872140572035 
0.0565511249025 0.468674010192 0.0342874753833 0.294563405207 0.0544807406764 0.091443243639 
0.0487120284774 0.638468378395 0.0654171326674 0.0263260399315 0.140157576105 0.0809188444241 
0.0529747531935 0.598971978499 0.0592590671226 0.0173032471369 0.185622671961 0.0858682820875 
0.0121826753007 0.562941439489 0.10429142322 0.0633420887488 0.208652980385 0.0485893928556 
0.0173779490531 0.509533798802 0.0878482752997 0.0512337896059 0.276048960004 0.00266737548082 0.0552898517544 
0.308917080273 0.129748508087 0.0755203275623 0.463212195799 0.00798794501693 0.0146139432609 
0.120449033341 0.57993154884 0.0974207557314 0.198850770269 0.00334789181837 
0.115647806417 0.527586107536 0.127075136439 0.0164788867145 0.196725154757 0.0164869081359 
0.0807479028225 0.627024466719 0.0253133631494 0.134903741958 0.132010525351 
0.0809696601731 0.57321350265 0.0175037362063 0.174383894982 0.0192115273442 0.134717678645 
0.0794109126767 0.66084621419 0.0309269151731 0.101385905294 0.127430052667 
0.0782127257848 0.391211130126 0.000378369283878 0.306273171948 0.0865566607076 0.125977645332 0.0113902968181 
0.0791507342672 0.494391802822 0.0089979465625 0.225674865166 0.0551345179401 0.132731390422 0.00391874281993 
0.10753316734 0.454056183072 0.165716183887 0.0538077184488 0.188667854451 0.0302188928011 
0.0973294034488 0.226104871398 0.0866427273499 0.0455185294942 0.42412935636 0.10016633019 0.0201087817585 
0.0649864527708 0.142287608692 0.0616050220632 0.0350028598706 0.492714197741 0.158609697604 0.0447941612591 
0.0879940907271 0.189711858979 0.112522600256 0.0742431410024 0.375289773351 0.109833339164 0.0504051965216 
0.0629454686434 0.124311077485 0.0782102942599 0.0638505814324 0.430819089316 0.171695884612 0.0681676042506 
0.0687502499472 0.158189585476 0.0427395780503 0.00609621197436 0.566404494128 0.142951947464 0.0148679329601 
0.0340279903111 0.0913304066349 0.0326651986437 0.0190715304849 0.502131363732 0.258388596661 0.0623849135323 
0.0333340880195 0.0980930787166 0.0126602074702 0.587707892211 0.235536355302 0.0326683782801 
0.164441315761 0.402073494962 0.0870216186504 0.0114213514647 0.284831220846 0.0502109983153 
0.146301392428 0.35587855411 0.116767012359 0.0481331552982 0.27106079994 0.0618590858644 
0.112852531684 0.29627302209 0.15993012851 0.0816522085299 0.255824092543 0.0715873403663 0.0218806762763 
0.111657354907 0.269822482953 0.0441309792271 0.502429555054 0.0719596278585 
0.17639223119 0.435100375577 0.0649634989947 0.292846886893 0.0306970073463 
0.115243152512 0.278521525102 0.0174134085132 0.531150790204 0.0576711236681 
0.186161774765 0.459245563921 0.0417409889468 0.299192287198 0.0136593851697 
0.0702617000498 0.165452827792 0.0176378007519 0.625751474385 0.120896197021 
0.0307649252059 0.0994166929304 0.663283507178 0.203163020246 0.00337185444022 
0.0694421083318 0.164668016415 0.669566403632 0.0963234716205 
0.0871949781255 0.747443568273 0.165361453602 
0.00158649312741 0.145739440185 0.736891285805 0.115782780883 
0.108532485715 0.0147744971717 0.673704838625 0.202988178487 
0.170777031774 0.0341256212113 0.646876628205 0.14822071881 
0.273190989305 0.0937224254713 0.480636967255 0.152449617969 
0.175146366762 0.0664479151071 0.561312100491 0.19709361764 
0.26098460155 0.0550142610714 0.573550190954 0.110450946425 
0.0528884736975 0.166770273161 0.718439320388 0.0619019327536 
0.0393533047381 0.106234846226 0.765491948762 0.0889199002738 
0.0941982486534 0.115267632512 0.73973182781 0.0508022910249 
0.0809491738236 0.0744303703003 0.769339374342 0.0752810815344 
0.0215423688404 0.0638381281606 0.779830966172 0.134788536827 
0.0594364770679 0.256594502398 0.647112947493 0.0368560730411 
0.0647983070098 0.389650215902 0.534832821115 0.0107186559732 
0.0142909870436 0.345611841126 0.0184075422318 0.561877009095 0.0598126205039 
0.0165479720906 0.529608537394 0.0239984689868 0.398115449785 0.0317295717438 
0.108437171077 0.175970723683 0.695947947404 0.019644157836 
0.423837383877 0.118988214084 0.346982298061 0.110192103977 
0.390360943564 0.0658155852526 0.463301674529 0.0805217966549 
0.56453912697 0.0720078240821 0.308141876693 0.055311172254 
0.0574511618307 0.50979564537 0.0115168309205 0.37739873644 0.0438376254389 
0.00092024857643 0.0578399260623 0.000584252520931 0.44157007793 0.424451430195 0.0746340647152 
0.00269273569503 0.052170582173 0.0143444447252 0.0202171079919 0.338582744669 0.46532498179 0.106667402956 
0.00643035490225 0.226540770871 0.651294917702 0.115733956525 
0.00820655064785 0.267086017977 0.0193062483654 0.629642449947 0.0757587330631 
0.424429072727 0.0952842939521 0.480286633321 
0.00354746604148 0.356607917207 0.0708581337063 0.55701555974 0.0119709233055 
0.046534357018 0.635940632726 0.0507224278126 0.266802582444 
0.055091475095 0.57574830793 0.0302110983424 0.328835104117 0.010114014516 
0.171310947134 0.0769380721748 0.70754587075 0.0442051099414 
0.199632496124 0.113162216078 0.674457374695 0.012747913103 
0.230203491375 0.162391386537 0.607405122088 
0.126764410105 0.0152225923257 0.744861116323 0.113151881246 
0.147592390034 0.0511060578313 0.728800959804 0.0725005923307 
0.0946238881593 0.0713457778036 0.183317270451 0.23649961616 0.204627829693 0.0984156640072 0.111169953726 
0.0620759133865 0.0604756506874 0.119544977404 0.177872399152 0.268906893983 0.152495143409 0.158629021978 
0.0342670761493 0.0582992064511 0.0721239418661 0.0973593062018 0.309798727463 0.263017010513 0.165134731356 
0.0313450104206 0.0414150883584 0.0776882590004 0.128506120492 0.266764028876 0.236298156423 0.217983336429 
0.063450288857 0.0797221868858 0.111291617424 0.131586522286 0.320481745405 0.168544379814 0.124923259328 
0.115951934274 0.119444161985 0.252905440009 0.200180380192 0.180041449866 0.0695373554993 0.0619392781756 
0.0745962665955 0.0742243043718 0.281918884877 0.303438022679 0.134935592575 0.0598967461886 0.0709901827134 
0.0829813707098 0.128253509745 0.380433970129 0.22156933158 0.12060054343 0.0363854747253 0.0297757996817 
0.0514454039364 0.0723493208542 0.386804551532 0.3495795618 0.086272807135 0.019262987235 0.0342853675074 
0.133881971099 0.187159751 0.20762118211 0.128483932914 0.221497916702 0.0737271080623 0.0476281381121 
0.0916621619626 0.142339666925 0.14277598697 0.113204567576 0.326722390352 0.113587451136 0.069707775079 
0.125959363065 0.217966434209 0.302117839821 0.138198506763 0.153407363189 0.0451488724524 0.0172016205012 
0.0637197830885 0.101968422491 0.0962849100572 0.0931816321962 0.374858278626 0.175855761233 0.0941312123088 
0.0349298679795 0.0703865610041 0.0633801191572 0.0714641401385 0.361156034586 0.27707952002 0.121603757115 
0.580474998179 0.419525001821 
0.453885132409 0.546114867591 
0.0259068737531 0.663353263323 0.310739862924 
0.5071765141 0.4928234859 
0.429988747425 0.570011252575 
0.000844695175219 0.0161613055338 0.753988166495 0.229005832796 
0.0416450244733 0.700519181667 0.25783579386 
0.0535810914957 0.000108570860539 0.757032010109 0.189278327535 
0.0512549341054 0.0344168263023 0.460493839643 0.453834399949 
0.00953404105808 0.521195022518 0.469270936424 
0.086563148884 0.0421636816134 0.536324224183 0.33494894532 
0.0645786748437 0.000898821748406 0.63569607582 0.298826427588 
0.411318392919 0.588681607081 
0.00798829048571 0.0263879246161 0.381107070601 0.584516714297 
0.0121631805371 0.23151354646 0.131999273892 0.570700836975 0.0536231621356 
0.0515728743349 0.25285586598 0.131674819476 0.547376606391 0.0165198338173 
0.140058345473 0.079554782596 0.711456859258 0.0689300126731 
0.0575768160864 0.160953587847 0.0851648552053 0.657169619755 0.0391351211063 
0.0809399662435 0.0382416600371 0.788456007025 0.0923623666943 
0.146075688476 0.165463512071 0.0886927637581 0.580799257152 0.0189687785418 
0.145765049125 0.110379662112 0.0598570107431 0.635008409388 0.0489898686323 
0.134759127488 0.244897704866 0.129284616909 0.491058550737 
0.0701796970021 0.0656091946335 0.0183474170148 0.754116875478 0.0917468158718 
0.145568554344 0.0772634256226 0.0308114154871 0.672254234548 0.0720686881775 0.00203368182093 
0.0807271823649 0.0345620949952 0.754258106719 0.130452615921 
0.151946096893 0.0554600036526 0.00678479541346 0.673045828201 0.0963804820396 0.0163827938006 
0.00693683132088 0.0434022067928 0.000561619050427 0.816401707237 0.132697635599 
0.0191898599935 0.00631774486996 0.783822241517 0.19067015362 
0.0818806213708 0.639272775003 0.278846603626 
0.103788295149 0.718155038628 0.178056666223 
0.00130602856587 0.00748007266512 0.185884423852 0.631985568766 0.173343906151 
0.0477516810254 0.121378515426 0.475248877829 0.355620925719 
0.0611618011225 0.504169588834 0.434668610044 
0.00278985191027 0.0266195837634 0.0371613929867 0.0674240161049 0.228076250319 0.426613701454 0.211315203462 
0.000414052798764 0.0122216710323 0.0430429220679 0.0868514547066 0.192510492174 0.373911116741 0.291048290479 
0.00339009970669 0.0403477237172 0.0269939235478 0.0476446355222 0.273041986418 0.458006349831 0.150575281257 
0.0572284606434 0.620666746518 0.311813928727 0.0102908641115 
0.0131989343115 0.0661238626985 0.499781012482 0.368762754884 0.052133435624 
0.0553807311389 0.12684638936 0.509278591829 0.226021323051 0.0803992356247 0.0020737289973 
0.0970175368574 0.00784450967817 0.71152412913 0.171309405275 0.0123044190592 
0.0367586339481 0.705884200881 0.257357165171 
0.0466909091825 0.208591971423 0.00716874860313 0.536192234425 0.12901556344 0.0723405729259 
0.0144482558959 0.175569581688 0.0278948555849 0.62243290105 0.115483081059 0.0441713247231 
0.0781403388034 0.228185942358 0.435513442433 0.139890280855 0.107006190321 0.0112638052303 
0.0820795089079 0.326269209285 0.212032642684 0.321209964607 0.0584086745159 
0.0667754848452 0.366620839816 0.311517982738 0.226332390157 0.0287533024439 
0.0175650275869 0.354634397253 0.200265829388 0.397836596113 0.0296981496592 
0.013191900522 0.410884834547 0.285101933904 0.281869919439 0.00895141158853 
0.0384394801369 0.373353163539 0.191874516397 0.394385010235 0.00194782969174 
0.31284708967 0.556762084252 0.130390826078 
0.000557913506157 0.3283803907 0.520385093279 0.150676602515 
0.00831697979066 0.398393708273 0.397258765307 0.19603054663 
0.0118825580583 0.414147457073 0.362597258761 0.211372726108 
0.0550464737036 0.327262358712 0.45771812449 0.155720647264 0.00425239583166 
0.0638509410593 0.419340406743 0.317190497212 0.199618154986 
0.116685481017 0.396013229905 0.309613133083 0.177688155995 
0.0809967445677 0.414392906052 0.242388919358 0.262221430022 
0.156082371597 0.375169765265 0.236415857483 0.232332005654 
0.0511251973544 0.377153324367 0.422413818197 0.149307660082 
0.107277407258 0.358507780051 0.180636118559 0.353578694132 
0.22458446702 0.276858913237 0.169305749718 0.329250870025 
0.303657526647 0.676925115916 0.0194173574368 
0.265766510638 0.686022099783 0.0482113895787 
0.325548617513 0.618989489092 0.0554618933955 
0.271651041328 0.646221586094 0.0821273725782 
0.255531845772 0.643562184885 0.100905969343 
0.165282277398 0.778116709724 0.0203467349172 0.0362542779607 
0.210394876189 0.756329803946 0.016575629966 0.0166996898984 
0.131707585447 0.809499303778 0.0509807237124 0.00781238706295 
0.171407672006 0.786587413948 0.0420049140468 
0.249769878863 0.736434784561 0.0137953365765 
0.153622919576 0.777910511971 0.0207547901904 0.0477117782618 
0.0252755004836 0.153063916325 0.76233582732 0.0149082081885 0.0444165476828 
0.0105958011108 0.206721905054 0.708678982899 0.0740033109357 
0.0526219956639 0.205917466614 0.672399356365 0.0690611813567 
0.11585392056 0.815380064125 0.0524699079314 0.0162961073829 
0.029867870073 0.2773205816 0.586392679144 0.106418869183 
0.0705214975727 0.278988514714 0.551538325852 0.0989516618609 
0.367514564835 0.632485435165 
0.354100784105 0.625571713325 0.0203275025701 
0.00276966067206 0.384006619677 0.600114243093 0.0131094765579 
0.0161441008371 0.36026485841 0.576384501458 0.0472065392951 
0.326055591622 0.673944408378 
0.35737843869 0.64262156131 
0.34889320779 0.65110679221 
0.376471489001 0.623528510999 
0.371242996481 0.628757003519 
0.390315528898 0.609684471102 
0.306954217197 0.684006520586 0.00903926221656 
0.320910487014 0.671899605594 0.00718990739159 
0.273154984963 0.703787099249 0.0230579157882 
0.288093821733 0.692069839379 0.0198363388877 
0.33187946414 0.663190403402 0.00493013245776 
0.277870301364 0.710479737482 0.0116499611535 
0.247941707743 0.724472697456 0.0275855948015 
0.256774408912 0.706273442877 0.0369521482101 
0.229268396526 0.726075910691 0.0446556927826 
0.188127065335 0.758050388981 0.0538225456837 
0.174435192541 0.757652910694 0.0679118967652 
0.224932061568 0.717090789772 0.0579771486594 
0.280288020612 0.679357764524 0.0403542148645 
0.271154698534 0.68431433549 0.0445309659761 
0.283780918475 0.687617007818 0.0286020737068 
0.272892597704 0.695071778306 0.0320356239892 
0.2808266969 0.65009341182 0.0690798912799 
0.272432401018 0.667490903715 0.0600766952669 
0.29322653581 0.645886623769 0.0608868404216 
0.284180221276 0.661511423307 0.0543083554161 
0.285547773475 0.662938724936 0.05151350159 
0.170662717508 0.74395393509 0.0853833474029 
0.241104946754 0.688671281869 0.0702237713774 
0.245641606723 0.670775807728 0.083582585549 
0.49399751044 0.50600248956 
0.206003529374 0.793996470626 
0.521364130668 0.478635869332 
0.362605694507 0.637394305493 
0.137700136088 0.862299863912 
0.0625727713607 0.937427228639 
0.190762501822 0.809237498178 
0.56003144471 0.43996855529 
0.543110936114 0.456889063886 
0.609517973761 0.390482026239 
0.614504338505 0.385495661495 
0.58524859353 0.41475140647 
0.545632591306 0.454367408694 
0.660258171259 0.339741828741 
0.59767425334 0.40232574666 
0.572937883492 0.427062116508 
0.617971731433 0.382028268567 
0.0723171107486 0.927682889251 
0.173477703074 0.826522296926 
0.298594542455 0.701405457545 
0.454244248345 0.545755751655 
0.452017763171 0.547982236829 
0.563961330159 0.436038669841 
0.566219935507 0.433780064493 
0.135837481469 0.864162518531 
0.499625507561 0.500374492439 
0.235599968528 0.764400031472 
0.264205338999 0.735794661001 
0.47842532733 0.52157467267 
0.543081163166 0.456918836834 
0.576052685239 0.423947314761 
0.585468719553 0.414531280447 
0.0661217699849 0.933878230015 
0.0660340073202 0.93396599268 
0.135755377219 0.864244622781 
0.153545514322 0.846454485678 
0.329954170111 0.670045829889 
0.149946846194 0.850053153806 
0.0512975818806 0.948702418119 
0.0546751256536 0.945324874346 
0.105432069032 0.887643080207 0.00692485076087 
0.129183040736 0.835484565408 0.0353323938561 
0.0571974317895 0.731839031502 0.210963536708 
0.179227358976 0.75403842159 0.0667342194339 
0.0355741778226 0.835156219315 0.129269602862 
0.0218802930334 0.910154618367 0.0679650885999 
0.10791710905 0.89208289095 
0.0329828205406 0.902749386521 0.0642677929388 
0.116931199384 0.883068800616 
0.749676259049 0.250323740951 
0.813622764744 0.186377235256 
0.828089234446 0.171910765554 
0.636985268885 0.363014731115 
0.344057955441 0.655942044559 
0.109155190879 0.778750205831 0.0657360130974 0.0275419850074 0.0188166051843 
0.136056204804 0.778366199205 0.0417366252812 0.0306775680158 0.0131634026948 
0.206978737135 0.611146927961 0.018296404334 0.0862380813592 0.0773398492113 
0.273736358975 0.564234548 0.093312371339 0.0687167216853 
0.177189159915 0.783342095901 0.0186798869675 0.0207888572156 
0.0647635971921 0.850257363585 0.0849790392226 
0.0566471737068 0.839712389283 0.103640437011 
0.107134158468 0.757517362952 0.0947571753733 0.0222919154501 0.0182993877572 
0.127743948135 0.725065235765 0.127896851209 0.0118275410206 0.00746642387132 
0.044701748578 0.759076704503 0.196221546919 
0.0516393038863 0.668600267155 0.279760428958 
0.194861210781 0.600376399977 0.0479036707924 0.079368775737 0.0774899427124 
0.729998114298 0.270001885702 
0.611424902666 0.388575097334 
0.381842128183 0.618157871817 
0.00294516782935 0.803208913983 0.193845918188 
0.779608207063 0.220391792937 
0.0570482927858 0.662046366988 0.280905340226 
0.170020975837 0.728018821926 0.101960202237 
0.13356136707 0.729780069681 0.136658563249 
0.202633501993 0.797366498007 
0.228177792883 0.771822207117 
0.0491113149919 0.626733297218 0.32415538779 
0.263808880579 0.736191119421 
0.122721258997 0.729982607722 0.14729613328 
0.190376108274 0.800867017922 0.00875687380449 
0.0633815206873 0.861065535721 0.0755529435917 
0.151268024562 0.846638112956 0.00209386248294 
0.81659539711 0.18340460289 
0.814500335146 0.185499664854 
0.0422035389055 0.891864625318 0.0659318357767 
0.824165506323 0.175834493677 
0.128530639539 0.871469360461 
0.112386863111 0.798915821895 0.0886973149943 
0.106926900713 0.806208080771 0.0868650185156 
0.275948118944 0.692304781444 0.0265007100831 0.00524638952925 
0.283385002825 0.695055007529 0.0215599896459 
0.271007656851 0.708785007531 0.0202073356175 
0.0223712111423 0.751149922575 0.226478866283 
0.0345030185848 0.768270600565 0.19722638085 
0.0458306812863 0.764841998799 0.189327319914 
0.0897745041945 0.794889161103 0.115336334703 
0.0940024932728 0.802857269515 0.103140237213 
0.0204970367334 0.673411168338 0.306091794929 
0.0222237041148 0.71044544214 0.267330853745 
0.265514634922 0.711847106821 0.0226382582573 
0.258907415535 0.715293220417 0.0257993640474 
0.215056089056 0.755147792795 0.0297961181488 
0.191480098238 0.787158274472 0.0213616272901 
0.0503898386679 0.788617922913 0.160992238419 
0.166522997715 0.821466037791 0.0120109644932 
0.036440011351 0.844976274532 0.118583714117 
0.0771236184951 0.786468229527 0.136408151978 
0.242110044578 0.728725175452 0.0291647799702 
0.315600320048 0.684399679952 
0.00281072426179 0.585303561849 0.411885713889 
0.325881784793 0.674118215207 
0.624925253071 0.375074746929 
0.0538449094679 0.849448004191 0.0967070863406 
0.070264251306 0.828771948015 0.100963800679 
0.134956210784 0.82058910501 0.0444546842063 
0.172375981972 0.774386334587 0.0532376834411 
0.207118961457 0.728540824205 0.0519387069189 0.0124015074183 
0.0200646718761 0.77807036578 0.201864962344 
0.00903451079427 0.790103541522 0.200861947684 
0.798957059332 0.201042940668 
0.103200299642 0.801316334804 0.0954833655539 
0.0360377175086 0.769515893911 0.19444638858 
0.246875418556 0.696332877866 0.0394900209689 0.0173016826093 
0.0184612183621 0.882417792778 0.0991209888596 
0.123343953555 0.862112183486 0.0145438629591 
0.383826303156 0.52977114174 0.0532978462471 0.0331047088574 
0.192383428226 0.69303649179 0.0536269509487 0.0609531290354 
0.0868670470187 0.893682499267 0.019450453714 
0.790536994844 0.209463005156 
0.728383703395 0.271616296605 
0.0233614251056 0.88816266814 0.0884759067548 
0.805880591828 0.194119408172 
0.174111575528 0.718689145241 0.041311932766 0.0658873464649 
0.0936221688205 0.875879927668 0.0304979035117 
0.0783716832792 0.789335230009 0.132293086712 
0.114874817265 0.780408067561 0.104717115174 
0.0737965261468 0.766651715752 0.159551758101 
0.104902393807 0.761889113443 0.133208492749 
0.122981936131 0.794797846895 0.0822202169741 
0.0393401642602 0.737566395238 0.223093440502 
0.0445957943949 0.745535516724 0.209868688881 
0.0570433602897 0.768406341457 0.174550298253 
0.0576015826101 0.782607277916 0.159791139474 
0.0526721339362 0.750041468284 0.197286397779 
0.0553451862676 0.7930485982 0.151606215533 
0.0518795830747 0.82187288118 0.126247535745 
0.0676350392628 0.820860407858 0.11150455288 
0.0636480031597 0.842631368835 0.0937206280056 
0.0443713231279 0.76075394892 0.194874727953 
0.104352612139 0.822607390919 0.0730399969422 
0.0880743234317 0.834779424678 0.0771462518903 
0.0849766192112 0.84829463761 0.0667287431791 
0.14202856034 0.795588343745 0.0623830959152 
0.0138202141532 0.773422598116 0.21275718773 
0.00138481482918 0.772651476145 0.225963709026 
0.0140333422603 0.833088505973 0.152878151767 
0.821247061877 0.178752938123 
0.750685779197 0.249314220803 
0.705874680872 0.294125319128 
0.00162192737722 0.701398205322 0.2969798673 
0.0222684049339 0.698706225661 0.279025369405 
0.0162890059115 0.699018912418 0.28469208167 
0.0310956110843 0.741330103019 0.227574285897 
0.0245377793654 0.756812924401 0.218649296234 
0.0303243430316 0.820389807801 0.149285849167 
0.647942796869 0.352057203131 
0.00293746568439 0.662500356185 0.33456217813 
0.00319119752128 0.647885362719 0.34892343976 
0.00813339839612 0.664888803635 0.326977797969 
0.0138125127694 0.66856183038 0.317625656851 
0.665341262033 0.334658737967 
0.670006183679 0.329993816321 
0.651520092788 0.348479907212 
0.0339927437495 0.71315230713 0.25285494912 
0.0353711485347 0.725765815502 0.238863035963 
0.0256858116096 0.693540671061 0.28077351733 
0.00583195306381 0.695208576176 0.29895947076 
0.0164599763958 0.68880708591 0.294732937694 
0.0128567840924 0.710843489875 0.276299726033 
0.0267089577179 0.70976686855 0.263524173732 
0.0137869644829 0.667672069365 0.318540966152 
0.00842317661336 0.672160075177 0.31941674821 
0.00546646317595 0.652043706879 0.342489829945 
0.00207379171149 0.659930497409 0.33799571088 
0.00136423254148 0.678670197282 0.319965570177 
0.0160267114901 0.66768633214 0.316286956369 
0.00754905207514 0.649970630899 0.342480317026 
0.654995158027 0.345004841973 
0.653191486483 0.346808513517 
0.670202922002 0.329797077998 
0.669816766594 0.330183233406 
0.643662149626 0.356337850374 
0.66885057854 0.33114942146 
0.66223779287 0.33776220713 
0.672163842814 0.327836157186 
0.666561724699 0.333438275301 
0.671676333794 0.328323666206 
0.6427159659 0.3572840341 
0.652529581427 0.347470418573 
0.663829526379 0.336170473621 
0.000831226600657 0.641746821761 0.357421951638 
0.0511949271116 0.775880537719 0.066548018314 0.026793612686 0.0795829041697 
0.0500621768595 0.752605691776 0.0666140184544 0.027944345774 0.0242222929295 0.0785514742063 
0.0147091454084 0.760462932331 0.107846293574 0.0652337296863 0.000538906148853 0.000544649224412 0.0506643436272 
0.0142696833502 0.724783599395 0.106185255244 0.0645430942412 0.0405979747302 0.0496203930398 
0.610479331507 0.171501146951 0.10594011945 0.0973580894893 0.0147213126022 
0.659817125026 0.168970236652 0.102558357367 0.0534298126308 0.0152244683239 
0.0137488303675 0.682190739039 0.107853087076 0.0661091007192 0.0805384010701 0.0495598417281 
0.0807790030255 0.720031842428 0.0317774944724 0.0429009527795 0.124510707294 
0.0831042986624 0.754348103292 0.0296378714749 0.00722057817148 0.1256891484 
0.129610878867 0.656239206524 0.0156010256513 0.198548888958 
0.132503823682 0.669488309262 0.198007867056 
0.0836572631126 0.762891217193 0.0279793790691 0.125472140625 
0.0480758883216 0.67761765624 0.067767005183 0.0301887205867 0.0974064650065 0.0789442646623 
0.0795961484688 0.690144722217 0.0327770320758 0.0722110277986 0.12527106944 
0.124700134933 0.630365316491 0.0489760562819 0.195958492294 
0.0121422426013 0.626948576075 0.109747618323 0.0673806656952 0.13580546865 0.0479754286553 
0.524796553864 0.175376529561 0.108960115544 0.179459706767 0.0114070942631 
0.0188173756564 0.800646705596 0.0836409349346 0.0857663289051 0.0111286549074 
0.0156277251685 0.797722759134 0.0855199706827 0.0505632875369 0.0505662574783 
0.634939615589 0.191786040646 0.133557685229 0.0397166585367 
0.641275173797 0.203798877292 0.07746181171 0.077464137201 
0.0140714670225 0.0788759002528 0.804922265511 0.0193367875088 0.0827935797049 
0.00930130988167 0.0729164489139 0.839733073121 0.0239454748533 0.0541036932302 
0.0264357936047 0.764295815152 0.0744870527387 0.134781338505 
0.278564176476 0.328418120752 0.375868271281 0.0171494314906 
0.280357068656 0.470872589503 0.190816132109 0.057954209732 
0.133929368214 0.556278056566 0.291659727205 0.0181328480149 
0.131865341266 0.644582159092 0.166623047176 0.056929452465 
0.281680263012 0.512741176269 0.102787521308 0.102791039411 
0.545649907566 0.124486366622 0.329863725812 
0.26160557911 0.231153562225 0.507240858665 
0.130928514741 0.384373991132 0.484697494127 
0.0363532923384 0.703828348984 0.0632198713591 0.196598487319 
0.0200696414261 0.0866777762527 0.761083873463 0.012613989157 0.119554719701 
0.064061049317 0.760356913874 0.131373049798 0.0442089870104 
0.0631219389019 0.779987593463 0.0784421270311 0.0784483406045 
0.00975594388552 0.853642560083 0.0149996718096 0.100785041299 0.0208167829235 
0.00839002814105 0.85953839065 0.012837281942 0.059613773218 0.0596205260493 
0.066735740739 0.70288845387 0.221829823355 0.0085459820356 
0.808323390607 0.0707276153023 0.12094899409 
0.864054055238 0.0657224871789 0.0702234575833 
0.774380989792 0.140567595804 0.0850514144044 
0.829196524425 0.131185631329 0.0396178442453 
0.879027623334 0.063318150943 0.0288212278637 0.028832997859 
0.707858255336 0.0739444268158 0.199125626103 0.0190716917454 
0.0158259998351 0.689345772826 0.0240807539182 0.267916187483 0.0028312859381 
0.674630166942 0.142246694913 0.145407349354 0.0377157887906 
0.0673803865839 0.577145842179 0.355473771237 
0.0466307075883 0.237529372407 0.239145085295 0.237529100714 0.239165733996 
